0, 1e+11, 1e+12, -1e+11, -1e+12
1, 9.99999e+10, 9.96892e+11, -9.99999e+10, -9.96892e+11
2, 9.99997e+10, 9.93791e+11, -9.99997e+10, -9.93791e+11
3, 9.99993e+10, 9.90699e+11, -9.99993e+10, -9.90699e+11
4, 9.99987e+10, 9.87615e+11, -9.99987e+10, -9.87615e+11
5, 9.9998e+10, 9.84385e+11, -9.9998e+10, -9.84385e+11
6, 9.99971e+10, 9.81163e+11, -9.99971e+10, -9.81163e+11
7, 9.9996e+10, 9.77951e+11, -9.9996e+10, -9.77951e+11
8, 9.99947e+10, 9.74747e+11, -9.99947e+10, -9.74747e+11
9, 9.99932e+10, 9.71551e+11, -9.99932e+10, -9.71551e+11
10, 9.99916e+10, 9.68364e+11, -9.99916e+10, -9.68364e+11
11, 9.99898e+10, 9.65186e+11, -9.99898e+10, -9.65186e+11
12, 9.99878e+10, 9.62017e+11, -9.99878e+10, -9.62017e+11
13, 9.99857e+10, 9.58855e+11, -9.99857e+10, -9.58855e+11
14, 9.99833e+10, 9.55703e+11, -9.99833e+10, -9.55703e+11
15, 9.99808e+10, 9.52559e+11, -9.99808e+10, -9.52559e+11
16, 9.99781e+10, 9.49423e+11, -9.99781e+10, -9.49423e+11
17, 9.99753e+10, 9.46296e+11, -9.99753e+10, -9.46296e+11
18, 9.99722e+10, 9.43178e+11, -9.99722e+10, -9.43178e+11
19, 9.9969e+10, 9.40067e+11, -9.9969e+10, -9.40067e+11
20, 9.99655e+10, 9.36818e+11, -9.99655e+10, -9.36818e+11
21, 9.99617e+10, 9.33578e+11, -9.99617e+10, -9.33578e+11
22, 9.99578e+10, 9.30347e+11, -9.99578e+10, -9.30347e+11
23, 9.99537e+10, 9.27125e+11, -9.99537e+10, -9.27125e+11
24, 9.99493e+10, 9.23912e+11, -9.99493e+10, -9.23912e+11
25, 9.99448e+10, 9.20709e+11, -9.99448e+10, -9.20709e+11
26, 9.99401e+10, 9.17514e+11, -9.99401e+10, -9.17514e+11
27, 9.99352e+10, 9.14329e+11, -9.99352e+10, -9.14329e+11
28, 9.99301e+10, 9.11152e+11, -9.99301e+10, -9.11152e+11
29, 9.99248e+10, 9.07985e+11, -9.99248e+10, -9.07985e+11
30, 9.99193e+10, 9.04826e+11, -9.99193e+10, -9.04826e+11
31, 9.99137e+10, 9.01676e+11, -9.99137e+10, -9.01676e+11
32, 9.99078e+10, 8.98536e+11, -9.99078e+10, -8.98536e+11
33, 9.99015e+10, 8.95262e+11, -9.99015e+10, -8.95262e+11
34, 9.98949e+10, 8.91997e+11, -9.98949e+10, -8.91997e+11
35, 9.98881e+10, 8.88743e+11, -9.98881e+10, -8.88743e+11
36, 9.98812e+10, 8.85498e+11, -9.98812e+10, -8.85498e+11
37, 9.9874e+10, 8.82262e+11, -9.9874e+10, -8.82262e+11
38, 9.98666e+10, 8.79037e+11, -9.98666e+10, -8.79037e+11
39, 9.9859e+10, 8.7582e+11, -9.9859e+10, -8.7582e+11
40, 9.98511e+10, 8.72614e+11, -9.98511e+10, -8.72614e+11
41, 9.98431e+10, 8.69416e+11, -9.98431e+10, -8.69416e+11
42, 9.98349e+10, 8.66229e+11, -9.98349e+10, -8.66229e+11
43, 9.98264e+10, 8.6305e+11, -9.98264e+10, -8.6305e+11
44, 9.98177e+10, 8.59882e+11, -9.98177e+10, -8.59882e+11
45, 9.98089e+10, 8.56722e+11, -9.98089e+10, -8.56722e+11
46, 9.97994e+10, 8.53435e+11, -9.97994e+10, -8.53435e+11
47, 9.97896e+10, 8.50158e+11, -9.97896e+10, -8.50158e+11
48, 9.97797e+10, 8.46892e+11, -9.97797e+10, -8.46892e+11
49, 9.97695e+10, 8.43635e+11, -9.97695e+10, -8.43635e+11
50, 9.97591e+10, 8.40389e+11, -9.97591e+10, -8.40389e+11
51, 9.97484e+10, 8.37153e+11, -9.97484e+10, -8.37153e+11
52, 9.97375e+10, 8.33926e+11, -9.97375e+10, -8.33926e+11
53, 9.97264e+10, 8.3071e+11, -9.97264e+10, -8.3071e+11
54, 9.97151e+10, 8.27504e+11, -9.97151e+10, -8.27504e+11
55, 9.97035e+10, 8.24307e+11, -9.97035e+10, -8.24307e+11
56, 9.96917e+10, 8.2112e+11, -9.96917e+10, -8.2112e+11
57, 9.96791e+10, 8.17812e+11, -9.96791e+10, -8.17812e+11
58, 9.96663e+10, 8.14513e+11, -9.96663e+10, -8.14513e+11
59, 9.96533e+10, 8.11226e+11, -9.96533e+10, -8.11226e+11
60, 9.964e+10, 8.07949e+11, -9.964e+10, -8.07949e+11
61, 9.96264e+10, 8.04683e+11, -9.96264e+10, -8.04683e+11
62, 9.96126e+10, 8.01427e+11, -9.96126e+10, -8.01427e+11
63, 9.95986e+10, 7.98181e+11, -9.95986e+10, -7.98181e+11
64, 9.95842e+10, 7.94947e+11, -9.95842e+10, -7.94947e+11
65, 9.95697e+10, 7.91722e+11, -9.95697e+10, -7.91722e+11
66, 9.95549e+10, 7.88508e+11, -9.95549e+10, -7.88508e+11
67, 9.95392e+10, 7.85177e+11, -9.95392e+10, -7.85177e+11
68, 9.95232e+10, 7.81856e+11, -9.95232e+10, -7.81856e+11
69, 9.9507e+10, 7.78547e+11, -9.9507e+10, -7.78547e+11
70, 9.94905e+10, 7.75249e+11, -9.94905e+10, -7.75249e+11
71, 9.94737e+10, 7.71962e+11, -9.94737e+10, -7.71962e+11
72, 9.94566e+10, 7.68686e+11, -9.94566e+10, -7.68686e+11
73, 9.94393e+10, 7.65421e+11, -9.94393e+10, -7.65421e+11
74, 9.94217e+10, 7.62167e+11, -9.94217e+10, -7.62167e+11
75, 9.94038e+10, 7.58924e+11, -9.94038e+10, -7.58924e+11
76, 9.9385e+10, 7.55568e+11, -9.9385e+10, -7.55568e+11
77, 9.93658e+10, 7.52224e+11, -9.93658e+10, -7.52224e+11
78, 9.93464e+10, 7.48891e+11, -9.93464e+10, -7.48891e+11
79, 9.93266e+10, 7.4557e+11, -9.93266e+10, -7.4557e+11
80, 9.93066e+10, 7.4226e+11, -9.93066e+10, -7.4226e+11
81, 9.92862e+10, 7.38962e+11, -9.92862e+10, -7.38962e+11
82, 9.92656e+10, 7.35676e+11, -9.92656e+10, -7.35676e+11
83, 9.92446e+10, 7.32401e+11, -9.92446e+10, -7.32401e+11
84, 9.92234e+10, 7.29138e+11, -9.92234e+10, -7.29138e+11
85, 9.9201e+10, 7.25765e+11, -9.9201e+10, -7.25765e+11
86, 9.91784e+10, 7.22405e+11, -9.91784e+10, -7.22405e+11
87, 9.91554e+10, 7.19057e+11, -9.91554e+10, -7.19057e+11
88, 9.91321e+10, 7.15722e+11, -9.91321e+10, -7.15722e+11
89, 9.91084e+10, 7.12398e+11, -9.91084e+10, -7.12398e+11
90, 9.90845e+10, 7.09087e+11, -9.90845e+10, -7.09087e+11
91, 9.90602e+10, 7.05787e+11, -9.90602e+10, -7.05787e+11
92, 9.90356e+10, 7.02499e+11, -9.90356e+10, -7.02499e+11
93, 9.90098e+10, 6.99107e+11, -9.90098e+10, -6.99107e+11
94, 9.89836e+10, 6.95727e+11, -9.89836e+10, -6.95727e+11
95, 9.89571e+10, 6.92361e+11, -9.89571e+10, -6.92361e+11
96, 9.89302e+10, 6.89006e+11, -9.89302e+10, -6.89006e+11
97, 9.8903e+10, 6.85665e+11, -9.8903e+10, -6.85665e+11
98, 9.88754e+10, 6.82336e+11, -9.88754e+10, -6.82336e+11
99, 9.88475e+10, 6.79019e+11, -9.88475e+10, -6.79019e+11
100, 9.88182e+10, 6.75602e+11, -9.88182e+10, -6.75602e+11
101, 9.87886e+10, 6.72197e+11, -9.87886e+10, -6.72197e+11
102, 9.87586e+10, 6.68806e+11, -9.87586e+10, -6.68806e+11
103, 9.87282e+10, 6.65428e+11, -9.87282e+10, -6.65428e+11
104, 9.86975e+10, 6.62064e+11, -9.86975e+10, -6.62064e+11
105, 9.86663e+10, 6.58712e+11, -9.86663e+10, -6.58712e+11
106, 9.86348e+10, 6.55374e+11, -9.86348e+10, -6.55374e+11
107, 9.86019e+10, 6.51937e+11, -9.86019e+10, -6.51937e+11
108, 9.85685e+10, 6.48515e+11, -9.85685e+10, -6.48515e+11
109, 9.85347e+10, 6.45107e+11, -9.85347e+10, -6.45107e+11
110, 9.85006e+10, 6.41712e+11, -9.85006e+10, -6.41712e+11
111, 9.8466e+10, 6.38331e+11, -9.8466e+10, -6.38331e+11
112, 9.8431e+10, 6.34964e+11, -9.8431e+10, -6.34964e+11
113, 9.83956e+10, 6.3161e+11, -9.83956e+10, -6.3161e+11
114, 9.83587e+10, 6.28162e+11, -9.83587e+10, -6.28162e+11
115, 9.83213e+10, 6.24729e+11, -9.83213e+10, -6.24729e+11
116, 9.82835e+10, 6.2131e+11, -9.82835e+10, -6.2131e+11
117, 9.82452e+10, 6.17905e+11, -9.82452e+10, -6.17905e+11
118, 9.82065e+10, 6.14515e+11, -9.82065e+10, -6.14515e+11
119, 9.81661e+10, 6.11033e+11, -9.81661e+10, -6.11033e+11
120, 9.81253e+10, 6.07567e+11, -9.81253e+10, -6.07567e+11
121, 9.8084e+10, 6.04115e+11, -9.8084e+10, -6.04115e+11
122, 9.80422e+10, 6.00678e+11, -9.80422e+10, -6.00678e+11
123, 9.8e+10, 5.97256e+11, -9.8e+10, -5.97256e+11
124, 9.79573e+10, 5.93849e+11, -9.79573e+10, -5.93849e+11
125, 9.79128e+10, 5.90353e+11, -9.79128e+10, -5.90353e+11
126, 9.78678e+10, 5.86874e+11, -9.78678e+10, -5.86874e+11
127, 9.78224e+10, 5.8341e+11, -9.78224e+10, -5.8341e+11
128, 9.77764e+10, 5.79961e+11, -9.77764e+10, -5.79961e+11
129, 9.77299e+10, 5.76527e+11, -9.77299e+10, -5.76527e+11
130, 9.76815e+10, 5.73009e+11, -9.76815e+10, -5.73009e+11
131, 9.76326e+10, 5.69506e+11, -9.76326e+10, -5.69506e+11
132, 9.75832e+10, 5.6602e+11, -9.75832e+10, -5.6602e+11
133, 9.75332e+10, 5.6255e+11, -9.75332e+10, -5.6255e+11
134, 9.74827e+10, 5.59095e+11, -9.74827e+10, -5.59095e+11
135, 9.74302e+10, 5.55559e+11, -9.74302e+10, -5.55559e+11
136, 9.73771e+10, 5.52039e+11, -9.73771e+10, -5.52039e+11
137, 9.73234e+10, 5.48536e+11, -9.73234e+10, -5.48536e+11
138, 9.72692e+10, 5.45049e+11, -9.72692e+10, -5.45049e+11
139, 9.72144e+10, 5.41579e+11, -9.72144e+10, -5.41579e+11
140, 9.71575e+10, 5.38029e+11, -9.71575e+10, -5.38029e+11
141, 9.71e+10, 5.34497e+11, -9.71e+10, -5.34497e+11
142, 9.70418e+10, 5.30982e+11, -9.70418e+10, -5.30982e+11
143, 9.69831e+10, 5.27484e+11, -9.69831e+10, -5.27484e+11
144, 9.69221e+10, 5.23909e+11, -9.69221e+10, -5.23909e+11
145, 9.68605e+10, 5.20352e+11, -9.68605e+10, -5.20352e+11
146, 9.67982e+10, 5.16812e+11, -9.67982e+10, -5.16812e+11
147, 9.67353e+10, 5.13291e+11, -9.67353e+10, -5.13291e+11
148, 9.66701e+10, 5.09695e+11, -9.66701e+10, -5.09695e+11
149, 9.66042e+10, 5.06117e+11, -9.66042e+10, -5.06117e+11
150, 9.65376e+10, 5.02558e+11, -9.65376e+10, -5.02558e+11
151, 9.64702e+10, 4.99018e+11, -9.64702e+10, -4.99018e+11
152, 9.64005e+10, 4.95405e+11, -9.64005e+10, -4.95405e+11
153, 9.633e+10, 4.91811e+11, -9.633e+10, -4.91811e+11
154, 9.62588e+10, 4.88237e+11, -9.62588e+10, -4.88237e+11
155, 9.61851e+10, 4.84592e+11, -9.61851e+10, -4.84592e+11
156, 9.61105e+10, 4.80968e+11, -9.61105e+10, -4.80968e+11
157, 9.60353e+10, 4.77363e+11, -9.60353e+10, -4.77363e+11
158, 9.59592e+10, 4.73777e+11, -9.59592e+10, -4.73777e+11
159, 9.58804e+10, 4.70124e+11, -9.58804e+10, -4.70124e+11
160, 9.58009e+10, 4.66492e+11, -9.58009e+10, -4.66492e+11
161, 9.57205e+10, 4.6288e+11, -9.57205e+10, -4.6288e+11
162, 9.56374e+10, 4.59202e+11, -9.56374e+10, -4.59202e+11
163, 9.55534e+10, 4.55546e+11, -9.55534e+10, -4.55546e+11
164, 9.54685e+10, 4.5191e+11, -9.54685e+10, -4.5191e+11
165, 9.53808e+10, 4.48212e+11, -9.53808e+10, -4.48212e+11
166, 9.52921e+10, 4.44534e+11, -9.52921e+10, -4.44534e+11
167, 9.52025e+10, 4.40879e+11, -9.52025e+10, -4.40879e+11
168, 9.511e+10, 4.37162e+11, -9.511e+10, -4.37162e+11
169, 9.50165e+10, 4.33468e+11, -9.50165e+10, -4.33468e+11
170, 9.4922e+10, 4.29796e+11, -9.4922e+10, -4.29796e+11
171, 9.48244e+10, 4.26065e+11, -9.48244e+10, -4.26065e+11
172, 9.47258e+10, 4.22356e+11, -9.47258e+10, -4.22356e+11
173, 9.46239e+10, 4.18591e+11, -9.46239e+10, -4.18591e+11
174, 9.45211e+10, 4.14849e+11, -9.45211e+10, -4.14849e+11
175, 9.44171e+10, 4.11131e+11, -9.44171e+10, -4.11131e+11
176, 9.43098e+10, 4.07358e+11, -9.43098e+10, -4.07358e+11
177, 9.42014e+10, 4.03608e+11, -9.42014e+10, -4.03608e+11
178, 9.40896e+10, 3.99806e+11, -9.40896e+10, -3.99806e+11
179, 9.39766e+10, 3.96029e+11, -9.39766e+10, -3.96029e+11
180, 9.38601e+10, 3.92199e+11, -9.38601e+10, -3.92199e+11
181, 9.37423e+10, 3.88396e+11, -9.37423e+10, -3.88396e+11
182, 9.36233e+10, 3.84618e+11, -9.36233e+10, -3.84618e+11
183, 9.35006e+10, 3.80791e+11, -9.35006e+10, -3.80791e+11
184, 9.33766e+10, 3.7699e+11, -9.33766e+10, -3.7699e+11
185, 9.32488e+10, 3.73141e+11, -9.32488e+10, -3.73141e+11
186, 9.31196e+10, 3.69319e+11, -9.31196e+10, -3.69319e+11
187, 9.29866e+10, 3.65451e+11, -9.29866e+10, -3.65451e+11
188, 9.28521e+10, 3.61611e+11, -9.28521e+10, -3.61611e+11
189, 9.27136e+10, 3.57727e+11, -9.27136e+10, -3.57727e+11
190, 9.2571e+10, 3.53799e+11, -9.2571e+10, -3.53799e+11
191, 9.24268e+10, 3.49901e+11, -9.24268e+10, -3.49901e+11
192, 9.22784e+10, 3.45962e+11, -9.22784e+10, -3.45962e+11
193, 9.21284e+10, 3.42053e+11, -9.21284e+10, -3.42053e+11
194, 9.1974e+10, 3.38104e+11, -9.1974e+10, -3.38104e+11
195, 9.18151e+10, 3.34117e+11, -9.18151e+10, -3.34117e+11
196, 9.16544e+10, 3.30162e+11, -9.16544e+10, -3.30162e+11
197, 9.14892e+10, 3.26171e+11, -9.14892e+10, -3.26171e+11
198, 9.13221e+10, 3.22211e+11, -9.13221e+10, -3.22211e+11
199, 9.11502e+10, 3.18217e+11, -9.11502e+10, -3.18217e+11
200, 9.09735e+10, 3.1419e+11, -9.09735e+10, -3.1419e+11
201, 9.07918e+10, 3.10132e+11, -9.07918e+10, -3.10132e+11
202, 9.0608e+10, 3.06107e+11, -9.0608e+10, -3.06107e+11
203, 9.04191e+10, 3.02053e+11, -9.04191e+10, -3.02053e+11
204, 9.02249e+10, 2.97971e+11, -9.02249e+10, -2.97971e+11
205, 9.00254e+10, 2.93861e+11, -9.00254e+10, -2.93861e+11
206, 8.98204e+10, 2.89725e+11, -8.98204e+10, -2.89725e+11
207, 8.9613e+10, 2.85627e+11, -8.9613e+10, -2.85627e+11
208, 8.93999e+10, 2.81506e+11, -8.93999e+10, -2.81506e+11
209, 8.9181e+10, 2.77361e+11, -8.9181e+10, -2.77361e+11
210, 8.89562e+10, 2.73196e+11, -8.89562e+10, -2.73196e+11
211, 8.87254e+10, 2.6901e+11, -8.87254e+10, -2.6901e+11
212, 8.84883e+10, 2.64807e+11, -8.84883e+10, -2.64807e+11
213, 8.8245e+10, 2.60586e+11, -8.8245e+10, -2.60586e+11
214, 8.79951e+10, 2.5635e+11, -8.79951e+10, -2.5635e+11
215, 8.77386e+10, 2.521e+11, -8.77386e+10, -2.521e+11
216, 8.74753e+10, 2.47838e+11, -8.74753e+10, -2.47838e+11
217, 8.72015e+10, 2.43508e+11, -8.72015e+10, -2.43508e+11
218, 8.69205e+10, 2.39169e+11, -8.69205e+10, -2.39169e+11
219, 8.66321e+10, 2.34824e+11, -8.66321e+10, -2.34824e+11
220, 8.63325e+10, 2.30418e+11, -8.63325e+10, -2.30418e+11
221, 8.6025e+10, 2.2601e+11, -8.6025e+10, -2.2601e+11
222, 8.57096e+10, 2.21599e+11, -8.57096e+10, -2.21599e+11
223, 8.5382e+10, 2.17137e+11, -8.5382e+10, -2.17137e+11
224, 8.50459e+10, 2.12676e+11, -8.50459e+10, -2.12676e+11
225, 8.46972e+10, 2.08168e+11, -8.46972e+10, -2.08168e+11
226, 8.43354e+10, 2.03617e+11, -8.43354e+10, -2.03617e+11
227, 8.39601e+10, 1.99025e+11, -8.39601e+10, -1.99025e+11
228, 8.35751e+10, 1.94444e+11, -8.35751e+10, -1.94444e+11
229, 8.31759e+10, 1.89829e+11, -8.31759e+10, -1.89829e+11
230, 8.27621e+10, 1.85182e+11, -8.27621e+10, -1.85182e+11
231, 8.23288e+10, 1.80459e+11, -8.23288e+10, -1.80459e+11
232, 8.18799e+10, 1.75713e+11, -8.18799e+10, -1.75713e+11
233, 8.14148e+10, 1.70946e+11, -8.14148e+10, -1.70946e+11
234, 8.09284e+10, 1.66118e+11, -8.09284e+10, -1.66118e+11
235, 8.04246e+10, 1.61278e+11, -8.04246e+10, -1.61278e+11
236, 7.98982e+10, 1.56385e+11, -7.98982e+10, -1.56385e+11
237, 7.93483e+10, 1.51447e+11, -7.93483e+10, -1.51447e+11
238, 7.8774e+10, 1.46467e+11, -7.8774e+10, -1.46467e+11
239, 7.81694e+10, 1.41411e+11, -7.81694e+10, -1.41411e+11
240, 7.75385e+10, 1.36328e+11, -7.75385e+10, -1.36328e+11
241, 7.68749e+10, 1.31182e+11, -7.68749e+10, -1.31182e+11
242, 7.61773e+10, 1.25983e+11, -7.61773e+10, -1.25983e+11
243, 7.5439e+10, 1.20701e+11, -7.5439e+10, -1.20701e+11
244, 7.4658e+10, 1.15346e+11, -7.4658e+10, -1.15346e+11
245, 7.38324e+10, 1.0993e+11, -7.38324e+10, -1.0993e+11
246, 7.29601e+10, 1.04462e+11, -7.29601e+10, -1.04462e+11
247, 7.2027e+10, 9.88859e+10, -7.2027e+10, -9.88859e+10
248, 7.10361e+10, 9.32511e+10, -7.10361e+10, -9.32511e+10
249, 6.99718e+10, 8.75067e+10, -6.99718e+10, -8.75067e+10
250, 6.88302e+10, 8.16725e+10, -6.88302e+10, -8.16725e+10
251, 6.76002e+10, 7.57381e+10, -6.76002e+10, -7.57381e+10
252, 6.62696e+10, 6.96975e+10, -6.62696e+10, -6.96975e+10
253, 6.48182e+10, 6.35209e+10, -6.48182e+10, -6.35209e+10
254, 6.32304e+10, 5.72151e+10, -6.32304e+10, -5.72151e+10
255, 6.14818e+10, 5.07661e+10, -6.14818e+10, -5.07661e+10
256, 5.95367e+10, 4.41457e+10, -5.95367e+10, -4.41457e+10
257, 5.73628e+10, 3.73657e+10, -5.73628e+10, -3.73657e+10
258, 5.49065e+10, 3.04058e+10, -5.49065e+10, -3.04058e+10
259, 5.20969e+10, 2.32503e+10, -5.20969e+10, -2.32503e+10
260, 4.88413e+10, 1.58982e+10, -4.88413e+10, -1.58982e+10
261, 4.50098e+10, 8.35839e+09, -4.50098e+10, -8.35839e+09
262, 4.04341e+10, 6.9001e+08, -4.04341e+10, -6.9001e+08
263, 3.48828e+10, -6.99143e+09, -3.48828e+10, 6.99143e+09
264, 2.81208e+10, -1.43986e+10, -2.81208e+10, 1.43986e+10
265, 1.99762e+10, -2.107e+10, -1.99762e+10, 2.107e+10
266, 1.05788e+10, -2.63989e+10, -1.05788e+10, 2.63989e+10
267, 4.61946e+08, -2.99606e+10, -4.61946e+08, 2.99606e+10
268, -9.70232e+09, -3.17892e+10, 9.70232e+09, 3.17892e+10
269, -1.94823e+10, -3.225e+10, 1.94823e+10, 3.225e+10
270, -2.86868e+10, -3.1748e+10, 2.86868e+10, 3.1748e+10
271, -3.73345e+10, -3.05944e+10, 3.73345e+10, 3.05944e+10
272, -4.54546e+10, -2.90037e+10, 4.54546e+10, 2.90037e+10
273, -5.31182e+10, -2.71149e+10, 5.31182e+10, 2.71149e+10
274, -6.03886e+10, -2.50193e+10, 6.03886e+10, 2.50193e+10
275, -6.73091e+10, -2.27817e+10, 6.73091e+10, 2.27817e+10
276, -7.39425e+10, -2.04384e+10, 7.39425e+10, 2.04384e+10
277, -8.02922e+10, -1.80311e+10, 8.02922e+10, 1.80311e+10
278, -8.64223e+10, -1.55688e+10, 8.64223e+10, 1.55688e+10
279, -9.23553e+10, -1.30674e+10, 9.23553e+10, 1.30674e+10
280, -9.81202e+10, -1.05345e+10, 9.81202e+10, 1.05345e+10
281, -1.03723e+11, -7.98339e+09, 1.03723e+11, 7.98339e+09
282, -1.09174e+11, -5.42336e+09, 1.09174e+11, 5.42336e+09
283, -1.14485e+11, -2.85996e+09, 1.14485e+11, 2.85996e+09
284, -1.19671e+11, -2.95271e+08, 1.19671e+11, 2.95271e+08
285, -1.2475e+11, 2.27181e+09, 1.2475e+11, -2.27181e+09
286, -1.29743e+11, 4.84542e+09, 1.29743e+11, -4.84542e+09
287, -1.34641e+11, 7.41514e+09, 1.34641e+11, -7.41514e+09
288, -1.39433e+11, 9.97083e+09, 1.39433e+11, -9.97083e+09
289, -1.44146e+11, 1.25211e+10, 1.44146e+11, -1.25211e+10
290, -1.48805e+11, 1.50771e+10, 1.48805e+11, -1.50771e+10
291, -1.53369e+11, 1.7613e+10, 1.53369e+11, -1.7613e+10
292, -1.57868e+11, 2.01415e+10, 1.57868e+11, -2.01415e+10
293, -1.62332e+11, 2.26773e+10, 1.62332e+11, -2.26773e+10
294, -1.66719e+11, 2.5195e+10, 1.66719e+11, -2.5195e+10
295, -1.71061e+11, 2.77107e+10, 1.71061e+11, -2.77107e+10
296, -1.75355e+11, 3.02202e+10, 1.75355e+11, -3.02202e+10
297, -1.79596e+11, 3.27195e+10, 1.79596e+11, -3.27195e+10
298, -1.83781e+11, 3.52047e+10, 1.83781e+11, -3.52047e+10
299, -1.87905e+11, 3.76717e+10, 1.87905e+11, -3.76717e+10
300, -1.92005e+11, 4.0141e+10, 1.92005e+11, -4.0141e+10
301, -1.96077e+11, 4.261e+10, 1.96077e+11, -4.261e+10
302, -2.00079e+11, 4.50513e+10, 2.00079e+11, -4.50513e+10
303, -2.04048e+11, 4.74867e+10, 2.04048e+11, -4.74867e+10
304, -2.07982e+11, 4.99137e+10, 2.07982e+11, -4.99137e+10
305, -2.11878e+11, 5.23301e+10, 2.11878e+11, -5.23301e+10
306, -2.15776e+11, 5.47604e+10, 2.15776e+11, -5.47604e+10
307, -2.19633e+11, 5.71764e+10, 2.19633e+11, -5.71764e+10
308, -2.23446e+11, 5.95756e+10, 2.23446e+11, -5.95756e+10
309, -2.27257e+11, 6.19841e+10, 2.27257e+11, -6.19841e+10
310, -2.31019e+11, 6.43721e+10, 2.31019e+11, -6.43721e+10
311, -2.34777e+11, 6.67666e+10, 2.34777e+11, -6.67666e+10
312, -2.38482e+11, 6.9137e+10, 2.38482e+11, -6.9137e+10
313, -2.4218e+11, 7.1511e+10, 2.4218e+11, -7.1511e+10
314, -2.45868e+11, 7.38875e+10, 2.45868e+11, -7.38875e+10
315, -2.49499e+11, 7.62351e+10, 2.49499e+11, -7.62351e+10
316, -2.53118e+11, 7.85824e+10, 2.53118e+11, -7.85824e+10
317, -2.56724e+11, 8.09287e+10, 2.56724e+11, -8.09287e+10
318, -2.60316e+11, 8.32728e+10, 2.60316e+11, -8.32728e+10
319, -2.63892e+11, 8.56139e+10, 2.63892e+11, -8.56139e+10
320, -2.67452e+11, 8.79509e+10, 2.67452e+11, -8.79509e+10
321, -2.70995e+11, 9.02829e+10, 2.70995e+11, -9.02829e+10
322, -2.74519e+11, 9.26089e+10, 2.74519e+11, -9.26089e+10
323, -2.78024e+11, 9.4928e+10, 2.78024e+11, -9.4928e+10
324, -2.81509e+11, 9.72392e+10, 2.81509e+11, -9.72392e+10
325, -2.84971e+11, 9.95415e+10, 2.84971e+11, -9.95415e+10
326, -2.88411e+11, 1.01834e+11, 2.88411e+11, -1.01834e+11
327, -2.91828e+11, 1.04116e+11, 2.91828e+11, -1.04116e+11
328, -2.95219e+11, 1.06386e+11, 2.95219e+11, -1.06386e+11
329, -2.98585e+11, 1.08643e+11, 2.98585e+11, -1.08643e+11
330, -3.01978e+11, 1.10923e+11, 3.01978e+11, -1.10923e+11
331, -3.05343e+11, 1.1319e+11, 3.05343e+11, -1.1319e+11
332, -3.0868e+11, 1.15441e+11, 3.0868e+11, -1.15441e+11
333, -3.11988e+11, 1.17677e+11, 3.11988e+11, -1.17677e+11
334, -3.15322e+11, 1.19934e+11, 3.15322e+11, -1.19934e+11
335, -3.18624e+11, 1.22175e+11, 3.18624e+11, -1.22175e+11
336, -3.21895e+11, 1.24397e+11, 3.21895e+11, -1.24397e+11
337, -3.2519e+11, 1.2664e+11, 3.2519e+11, -1.2664e+11
338, -3.28453e+11, 1.28864e+11, 3.28453e+11, -1.28864e+11
339, -3.31738e+11, 1.31107e+11, 3.31738e+11, -1.31107e+11
340, -3.3499e+11, 1.33331e+11, 3.3499e+11, -1.33331e+11
341, -3.38206e+11, 1.35533e+11, 3.38206e+11, -1.35533e+11
342, -3.41445e+11, 1.37755e+11, 3.41445e+11, -1.37755e+11
343, -3.44647e+11, 1.39954e+11, 3.44647e+11, -1.39954e+11
344, -3.47871e+11, 1.42171e+11, 3.47871e+11, -1.42171e+11
345, -3.51057e+11, 1.44365e+11, 3.51057e+11, -1.44365e+11
346, -3.54264e+11, 1.46577e+11, 3.54264e+11, -1.46577e+11
347, -3.57433e+11, 1.48764e+11, 3.57433e+11, -1.48764e+11
348, -3.60622e+11, 1.50969e+11, 3.60622e+11, -1.50969e+11
349, -3.6377e+11, 1.53148e+11, 3.6377e+11, -1.53148e+11
350, -3.66939e+11, 1.55344e+11, 3.66939e+11, -1.55344e+11
351, -3.70066e+11, 1.57514e+11, 3.70066e+11, -1.57514e+11
352, -3.73213e+11, 1.59699e+11, 3.73213e+11, -1.59699e+11
353, -3.76316e+11, 1.61857e+11, 3.76316e+11, -1.61857e+11
354, -3.79439e+11, 1.64031e+11, 3.79439e+11, -1.64031e+11
355, -3.82516e+11, 1.66176e+11, 3.82516e+11, -1.66176e+11
356, -3.85613e+11, 1.68336e+11, 3.85613e+11, -1.68336e+11
357, -3.88729e+11, 1.70512e+11, 3.88729e+11, -1.70512e+11
358, -3.91798e+11, 1.72657e+11, 3.91798e+11, -1.72657e+11
359, -3.94886e+11, 1.74817e+11, 3.94886e+11, -1.74817e+11
360, -3.97926e+11, 1.76946e+11, 3.97926e+11, -1.76946e+11
361, -4.00984e+11, 1.7909e+11, 4.00984e+11, -1.7909e+11
362, -4.0406e+11, 1.81248e+11, 4.0406e+11, -1.81248e+11
363, -4.07086e+11, 1.83373e+11, 4.07086e+11, -1.83373e+11
364, -4.1013e+11, 1.85512e+11, 4.1013e+11, -1.85512e+11
365, -4.13123e+11, 1.87618e+11, 4.13123e+11, -1.87618e+11
366, -4.16133e+11, 1.89737e+11, 4.16133e+11, -1.89737e+11
367, -4.19159e+11, 1.91869e+11, 4.19159e+11, -1.91869e+11
368, -4.22134e+11, 1.93967e+11, 4.22134e+11, -1.93967e+11
369, -4.25124e+11, 1.96077e+11, 4.25124e+11, -1.96077e+11
370, -4.28131e+11, 1.98201e+11, 4.28131e+11, -1.98201e+11
371, -4.31085e+11, 2.00288e+11, 4.31085e+11, -2.00288e+11
372, -4.34053e+11, 2.02388e+11, 4.34053e+11, -2.02388e+11
373, -4.37038e+11, 2.04501e+11, 4.37038e+11, -2.04501e+11
374, -4.40039e+11, 2.06627e+11, 4.40039e+11, -2.06627e+11
375, -4.42984e+11, 2.08714e+11, 4.42984e+11, -2.08714e+11
376, -4.45944e+11, 2.10814e+11, 4.45944e+11, -2.10814e+11
377, -4.4892e+11, 2.12927e+11, 4.4892e+11, -2.12927e+11
378, -4.51838e+11, 2.14999e+11, 4.51838e+11, -2.14999e+11
379, -4.54771e+11, 2.17084e+11, 4.54771e+11, -2.17084e+11
380, -4.57719e+11, 2.19181e+11, 4.57719e+11, -2.19181e+11
381, -4.60682e+11, 2.2129e+11, 4.60682e+11, -2.2129e+11
382, -4.63586e+11, 2.23358e+11, 4.63586e+11, -2.23358e+11
383, -4.66504e+11, 2.25437e+11, 4.66504e+11, -2.25437e+11
384, -4.69436e+11, 2.27528e+11, 4.69436e+11, -2.27528e+11
385, -4.72308e+11, 2.29576e+11, 4.72308e+11, -2.29576e+11
386, -4.75193e+11, 2.31636e+11, 4.75193e+11, -2.31636e+11
387, -4.78092e+11, 2.33707e+11, 4.78092e+11, -2.33707e+11
388, -4.81005e+11, 2.35788e+11, 4.81005e+11, -2.35788e+11
389, -4.83855e+11, 2.37826e+11, 4.83855e+11, -2.37826e+11
390, -4.86719e+11, 2.39875e+11, 4.86719e+11, -2.39875e+11
391, -4.89596e+11, 2.41935e+11, 4.89596e+11, -2.41935e+11
392, -4.92487e+11, 2.44005e+11, 4.92487e+11, -2.44005e+11
393, -4.95391e+11, 2.46086e+11, 4.95391e+11, -2.46086e+11
394, -4.9823e+11, 2.48121e+11, 4.9823e+11, -2.48121e+11
395, -5.01082e+11, 2.50167e+11, 5.01082e+11, -2.50167e+11
396, -5.03947e+11, 2.52223e+11, 5.03947e+11, -2.52223e+11
397, -5.06826e+11, 2.5429e+11, 5.06826e+11, -2.5429e+11
398, -5.09637e+11, 2.56309e+11, 5.09637e+11, -2.56309e+11
399, -5.1246e+11, 2.58338e+11, 5.1246e+11, -2.58338e+11
400, -5.15296e+11, 2.60377e+11, 5.15296e+11, -2.60377e+11
401, -5.18145e+11, 2.62427e+11, 5.18145e+11, -2.62427e+11
402, -5.21007e+11, 2.64486e+11, 5.21007e+11, -2.64486e+11
403, -5.23799e+11, 2.66496e+11, 5.23799e+11, -2.66496e+11
404, -5.26603e+11, 2.68516e+11, 5.26603e+11, -2.68516e+11
405, -5.29419e+11, 2.70545e+11, 5.29419e+11, -2.70545e+11
406, -5.32247e+11, 2.72584e+11, 5.32247e+11, -2.72584e+11
407, -5.35088e+11, 2.74633e+11, 5.35088e+11, -2.74633e+11
408, -5.37857e+11, 2.76631e+11, 5.37857e+11, -2.76631e+11
409, -5.40637e+11, 2.78638e+11, 5.40637e+11, -2.78638e+11
410, -5.4343e+11, 2.80654e+11, 5.4343e+11, -2.80654e+11
411, -5.46234e+11, 2.82679e+11, 5.46234e+11, -2.82679e+11
412, -5.4905e+11, 2.84714e+11, 5.4905e+11, -2.84714e+11
413, -5.51877e+11, 2.86758e+11, 5.51877e+11, -2.86758e+11
414, -5.54631e+11, 2.88749e+11, 5.54631e+11, -2.88749e+11
415, -5.57395e+11, 2.9075e+11, 5.57395e+11, -2.9075e+11
416, -5.60171e+11, 2.92758e+11, 5.60171e+11, -2.92758e+11
417, -5.62958e+11, 2.94776e+11, 5.62958e+11, -2.94776e+11
418, -5.65757e+11, 2.96803e+11, 5.65757e+11, -2.96803e+11
419, -5.68566e+11, 2.98839e+11, 5.68566e+11, -2.98839e+11
420, -5.713e+11, 3.0082e+11, 5.713e+11, -3.0082e+11
421, -5.74043e+11, 3.02809e+11, 5.74043e+11, -3.02809e+11
422, -5.76798e+11, 3.04807e+11, 5.76798e+11, -3.04807e+11
423, -5.79564e+11, 3.06813e+11, 5.79564e+11, -3.06813e+11
424, -5.8234e+11, 3.08828e+11, 5.8234e+11, -3.08828e+11
425, -5.85128e+11, 3.10852e+11, 5.85128e+11, -3.10852e+11
426, -5.87836e+11, 3.12819e+11, 5.87836e+11, -3.12819e+11
427, -5.90554e+11, 3.14793e+11, 5.90554e+11, -3.14793e+11
428, -5.93283e+11, 3.16776e+11, 5.93283e+11, -3.16776e+11
429, -5.96022e+11, 3.18767e+11, 5.96022e+11, -3.18767e+11
430, -5.98772e+11, 3.20767e+11, 5.98772e+11, -3.20767e+11
431, -6.01532e+11, 3.22774e+11, 6.01532e+11, -3.22774e+11
432, -6.04303e+11, 3.2479e+11, 6.04303e+11, -3.2479e+11
433, -6.06991e+11, 3.26747e+11, 6.06991e+11, -3.26747e+11
434, -6.09689e+11, 3.28711e+11, 6.09689e+11, -3.28711e+11
435, -6.12398e+11, 3.30683e+11, 6.12398e+11, -3.30683e+11
436, -6.15116e+11, 3.32663e+11, 6.15116e+11, -3.32663e+11
437, -6.17845e+11, 3.34651e+11, 6.17845e+11, -3.34651e+11
438, -6.20583e+11, 3.36647e+11, 6.20583e+11, -3.36647e+11
439, -6.23332e+11, 3.3865e+11, 6.23332e+11, -3.3865e+11
440, -6.25995e+11, 3.40593e+11, 6.25995e+11, -3.40593e+11
441, -6.28668e+11, 3.42542e+11, 6.28668e+11, -3.42542e+11
442, -6.31351e+11, 3.44499e+11, 6.31351e+11, -3.44499e+11
443, -6.34043e+11, 3.46464e+11, 6.34043e+11, -3.46464e+11
444, -6.36745e+11, 3.48436e+11, 6.36745e+11, -3.48436e+11
445, -6.39456e+11, 3.50416e+11, 6.39456e+11, -3.50416e+11
446, -6.42177e+11, 3.52403e+11, 6.42177e+11, -3.52403e+11
447, -6.44908e+11, 3.54398e+11, 6.44908e+11, -3.54398e+11
448, -6.4755e+11, 3.56328e+11, 6.4755e+11, -3.56328e+11
449, -6.50201e+11, 3.58266e+11, 6.50201e+11, -3.58266e+11
450, -6.52862e+11, 3.60211e+11, 6.52862e+11, -3.60211e+11
451, -6.55532e+11, 3.62163e+11, 6.55532e+11, -3.62163e+11
452, -6.58211e+11, 3.64123e+11, 6.58211e+11, -3.64123e+11
453, -6.60899e+11, 3.66089e+11, 6.60899e+11, -3.66089e+11
454, -6.63596e+11, 3.68063e+11, 6.63596e+11, -3.68063e+11
455, -6.66303e+11, 3.70044e+11, 6.66303e+11, -3.70044e+11
456, -6.69019e+11, 3.72032e+11, 6.69019e+11, -3.72032e+11
457, -6.71643e+11, 3.73953e+11, 6.71643e+11, -3.73953e+11
458, -6.74276e+11, 3.75882e+11, 6.74276e+11, -3.75882e+11
459, -6.76918e+11, 3.77817e+11, 6.76918e+11, -3.77817e+11
460, -6.79568e+11, 3.79759e+11, 6.79568e+11, -3.79759e+11
461, -6.82228e+11, 3.81707e+11, 6.82228e+11, -3.81707e+11
462, -6.84896e+11, 3.83663e+11, 6.84896e+11, -3.83663e+11
463, -6.87572e+11, 3.85625e+11, 6.87572e+11, -3.85625e+11
464, -6.90258e+11, 3.87595e+11, 6.90258e+11, -3.87595e+11
465, -6.92953e+11, 3.89571e+11, 6.92953e+11, -3.89571e+11
466, -6.95552e+11, 3.91478e+11, 6.95552e+11, -3.91478e+11
467, -6.9816e+11, 3.93391e+11, 6.9816e+11, -3.93391e+11
468, -7.00776e+11, 3.95311e+11, 7.00776e+11, -3.95311e+11
469, -7.034e+11, 3.97237e+11, 7.034e+11, -3.97237e+11
470, -7.06033e+11, 3.9917e+11, 7.06033e+11, -3.9917e+11
471, -7.08674e+11, 4.01109e+11, 7.08674e+11, -4.01109e+11
472, -7.11323e+11, 4.03055e+11, 7.11323e+11, -4.03055e+11
473, -7.13981e+11, 4.05007e+11, 7.13981e+11, -4.05007e+11
474, -7.16647e+11, 4.06966e+11, 7.16647e+11, -4.06966e+11
475, -7.19322e+11, 4.08932e+11, 7.19322e+11, -4.08932e+11
476, -7.21898e+11, 4.10825e+11, 7.21898e+11, -4.10825e+11
477, -7.24482e+11, 4.12724e+11, 7.24482e+11, -4.12724e+11
478, -7.27073e+11, 4.1463e+11, 7.27073e+11, -4.1463e+11
479, -7.29673e+11, 4.16541e+11, 7.29673e+11, -4.16541e+11
480, -7.3228e+11, 4.18459e+11, 7.3228e+11, -4.18459e+11
481, -7.34896e+11, 4.20383e+11, 7.34896e+11, -4.20383e+11
482, -7.37519e+11, 4.22313e+11, 7.37519e+11, -4.22313e+11
483, -7.40151e+11, 4.24249e+11, 7.40151e+11, -4.24249e+11
484, -7.4279e+11, 4.26192e+11, 7.4279e+11, -4.26192e+11
485, -7.45438e+11, 4.28141e+11, 7.45438e+11, -4.28141e+11
486, -7.48094e+11, 4.30096e+11, 7.48094e+11, -4.30096e+11
487, -7.50646e+11, 4.31976e+11, 7.50646e+11, -4.31976e+11
488, -7.53206e+11, 4.33861e+11, 7.53206e+11, -4.33861e+11
489, -7.55774e+11, 4.35752e+11, 7.55774e+11, -4.35752e+11
490, -7.58349e+11, 4.37649e+11, 7.58349e+11, -4.37649e+11
491, -7.60932e+11, 4.39552e+11, 7.60932e+11, -4.39552e+11
492, -7.63522e+11, 4.41461e+11, 7.63522e+11, -4.41461e+11
493, -7.6612e+11, 4.43376e+11, 7.6612e+11, -4.43376e+11
494, -7.68725e+11, 4.45296e+11, 7.68725e+11, -4.45296e+11
495, -7.71339e+11, 4.47223e+11, 7.71339e+11, -4.47223e+11
496, -7.73959e+11, 4.49155e+11, 7.73959e+11, -4.49155e+11
497, -7.76588e+11, 4.51094e+11, 7.76588e+11, -4.51094e+11
498, -7.79224e+11, 4.53038e+11, 7.79224e+11, -4.53038e+11
499, -7.81868e+11, 4.54988e+11, 7.81868e+11, -4.54988e+11
500, -7.84404e+11, 4.56859e+11, 7.84404e+11, -4.56859e+11
501, -7.86947e+11, 4.58736e+11, 7.86947e+11, -4.58736e+11
502, -7.89497e+11, 4.60618e+11, 7.89497e+11, -4.60618e+11
503, -7.92055e+11, 4.62506e+11, 7.92055e+11, -4.62506e+11
504, -7.9462e+11, 4.64399e+11, 7.9462e+11, -4.64399e+11
505, -7.97192e+11, 4.66298e+11, 7.97192e+11, -4.66298e+11
506, -7.99771e+11, 4.68202e+11, 7.99771e+11, -4.68202e+11
507, -8.02357e+11, 4.70112e+11, 8.02357e+11, -4.70112e+11
508, -8.0495e+11, 4.72028e+11, 8.0495e+11, -4.72028e+11
509, -8.07551e+11, 4.73949e+11, 8.07551e+11, -4.73949e+11
510, -8.10159e+11, 4.75876e+11, 8.10159e+11, -4.75876e+11
511, -8.12775e+11, 4.77808e+11, 8.12775e+11, -4.77808e+11
512, -8.15397e+11, 4.79746e+11, 8.15397e+11, -4.79746e+11
513, -8.17908e+11, 4.81602e+11, 8.17908e+11, -4.81602e+11
514, -8.20425e+11, 4.83462e+11, 8.20425e+11, -4.83462e+11
515, -8.22949e+11, 4.85328e+11, 8.22949e+11, -4.85328e+11
516, -8.25479e+11, 4.87199e+11, 8.25479e+11, -4.87199e+11
517, -8.28017e+11, 4.89075e+11, 8.28017e+11, -4.89075e+11
518, -8.30561e+11, 4.90956e+11, 8.30561e+11, -4.90956e+11
519, -8.33112e+11, 4.92843e+11, 8.33112e+11, -4.92843e+11
520, -8.35669e+11, 4.94735e+11, 8.35669e+11, -4.94735e+11
521, -8.38234e+11, 4.96632e+11, 8.38234e+11, -4.96632e+11
522, -8.40805e+11, 4.98535e+11, 8.40805e+11, -4.98535e+11
523, -8.43384e+11, 5.00443e+11, 8.43384e+11, -5.00443e+11
524, -8.45969e+11, 5.02356e+11, 8.45969e+11, -5.02356e+11
525, -8.48561e+11, 5.04274e+11, 8.48561e+11, -5.04274e+11
526, -8.5116e+11, 5.06198e+11, 8.5116e+11, -5.06198e+11
527, -8.53766e+11, 5.08127e+11, 8.53766e+11, -5.08127e+11
528, -8.56255e+11, 5.0997e+11, 8.56255e+11, -5.0997e+11
529, -8.58749e+11, 5.11817e+11, 8.58749e+11, -5.11817e+11
530, -8.6125e+11, 5.13669e+11, 8.6125e+11, -5.13669e+11
531, -8.63758e+11, 5.15526e+11, 8.63758e+11, -5.15526e+11
532, -8.66272e+11, 5.17388e+11, 8.66272e+11, -5.17388e+11
533, -8.68792e+11, 5.19255e+11, 8.68792e+11, -5.19255e+11
534, -8.71319e+11, 5.21127e+11, 8.71319e+11, -5.21127e+11
535, -8.73852e+11, 5.23004e+11, 8.73852e+11, -5.23004e+11
536, -8.76391e+11, 5.24886e+11, 8.76391e+11, -5.24886e+11
537, -8.78937e+11, 5.26772e+11, 8.78937e+11, -5.26772e+11
538, -8.8149e+11, 5.28664e+11, 8.8149e+11, -5.28664e+11
539, -8.84049e+11, 5.30561e+11, 8.84049e+11, -5.30561e+11
540, -8.86614e+11, 5.32463e+11, 8.86614e+11, -5.32463e+11
541, -8.89186e+11, 5.3437e+11, 8.89186e+11, -5.3437e+11
542, -8.91765e+11, 5.36282e+11, 8.91765e+11, -5.36282e+11
543, -8.9435e+11, 5.38199e+11, 8.9435e+11, -5.38199e+11
544, -8.96942e+11, 5.40121e+11, 8.96942e+11, -5.40121e+11
545, -8.9941e+11, 5.41951e+11, 8.9941e+11, -5.41951e+11
546, -9.01884e+11, 5.43787e+11, 9.01884e+11, -5.43787e+11
547, -9.04364e+11, 5.45627e+11, 9.04364e+11, -5.45627e+11
548, -9.06851e+11, 5.47471e+11, 9.06851e+11, -5.47471e+11
549, -9.09343e+11, 5.4932e+11, 9.09343e+11, -5.4932e+11
550, -9.11841e+11, 5.51174e+11, 9.11841e+11, -5.51174e+11
551, -9.14345e+11, 5.53032e+11, 9.14345e+11, -5.53032e+11
552, -9.16856e+11, 5.54896e+11, 9.16856e+11, -5.54896e+11
553, -9.19372e+11, 5.56763e+11, 9.19372e+11, -5.56763e+11
554, -9.21895e+11, 5.58636e+11, 9.21895e+11, -5.58636e+11
555, -9.24423e+11, 5.60513e+11, 9.24423e+11, -5.60513e+11
556, -9.26958e+11, 5.62395e+11, 9.26958e+11, -5.62395e+11
557, -9.29499e+11, 5.64281e+11, 9.29499e+11, -5.64281e+11
558, -9.32046e+11, 5.66173e+11, 9.32046e+11, -5.66173e+11
559, -9.34599e+11, 5.68069e+11, 9.34599e+11, -5.68069e+11
560, -9.37159e+11, 5.6997e+11, 9.37159e+11, -5.6997e+11
561, -9.39724e+11, 5.71875e+11, 9.39724e+11, -5.71875e+11
562, -9.42296e+11, 5.73786e+11, 9.42296e+11, -5.73786e+11
563, -9.44738e+11, 5.756e+11, 9.44738e+11, -5.756e+11
564, -9.47186e+11, 5.77418e+11, 9.47186e+11, -5.77418e+11
565, -9.49639e+11, 5.79241e+11, 9.49639e+11, -5.79241e+11
566, -9.52098e+11, 5.81068e+11, 9.52098e+11, -5.81068e+11
567, -9.54563e+11, 5.829e+11, 9.54563e+11, -5.829e+11
568, -9.57033e+11, 5.84736e+11, 9.57033e+11, -5.84736e+11
569, -9.59509e+11, 5.86576e+11, 9.59509e+11, -5.86576e+11
570, -9.6199e+11, 5.88421e+11, 9.6199e+11, -5.88421e+11
571, -9.64478e+11, 5.9027e+11, 9.64478e+11, -5.9027e+11
572, -9.66971e+11, 5.92123e+11, 9.66971e+11, -5.92123e+11
573, -9.69469e+11, 5.93981e+11, 9.69469e+11, -5.93981e+11
574, -9.71974e+11, 5.95843e+11, 9.71974e+11, -5.95843e+11
575, -9.74484e+11, 5.97709e+11, 9.74484e+11, -5.97709e+11
576, -9.77e+11, 5.9958e+11, 9.77e+11, -5.9958e+11
577, -9.79522e+11, 6.01456e+11, 9.79522e+11, -6.01456e+11
578, -9.82049e+11, 6.03335e+11, 9.82049e+11, -6.03335e+11
579, -9.84582e+11, 6.0522e+11, 9.84582e+11, -6.0522e+11
580, -9.87121e+11, 6.07108e+11, 9.87121e+11, -6.07108e+11
581, -9.89666e+11, 6.09002e+11, 9.89666e+11, -6.09002e+11
582, -9.92217e+11, 6.10899e+11, 9.92217e+11, -6.10899e+11
583, -9.94773e+11, 6.12802e+11, 9.94773e+11, -6.12802e+11
584, -9.97193e+11, 6.14602e+11, 9.97193e+11, -6.14602e+11
585, -9.99618e+11, 6.16407e+11, 9.99618e+11, -6.16407e+11
586, -1.00205e+12, 6.18216e+11, 1.00205e+12, -6.18216e+11
587, -1.00448e+12, 6.20028e+11, 1.00448e+12, -6.20028e+11
588, -1.00693e+12, 6.21845e+11, 1.00693e+12, -6.21845e+11
589, -1.00937e+12, 6.23666e+11, 1.00937e+12, -6.23666e+11
590, -1.01182e+12, 6.25491e+11, 1.01182e+12, -6.25491e+11
591, -1.01428e+12, 6.2732e+11, 1.01428e+12, -6.2732e+11
592, -1.01674e+12, 6.29153e+11, 1.01674e+12, -6.29153e+11
593, -1.01921e+12, 6.3099e+11, 1.01921e+12, -6.3099e+11
594, -1.02168e+12, 6.32831e+11, 1.02168e+12, -6.32831e+11
595, -1.02416e+12, 6.34677e+11, 1.02416e+12, -6.34677e+11
596, -1.02664e+12, 6.36526e+11, 1.02664e+12, -6.36526e+11
597, -1.02913e+12, 6.3838e+11, 1.02913e+12, -6.3838e+11
598, -1.03163e+12, 6.40237e+11, 1.03163e+12, -6.40237e+11
599, -1.03413e+12, 6.42099e+11, 1.03413e+12, -6.42099e+11
600, -1.03663e+12, 6.43965e+11, 1.03663e+12, -6.43965e+11
601, -1.03914e+12, 6.45835e+11, 1.03914e+12, -6.45835e+11
602, -1.04166e+12, 6.4771e+11, 1.04166e+12, -6.4771e+11
603, -1.04418e+12, 6.49588e+11, 1.04418e+12, -6.49588e+11
604, -1.04671e+12, 6.51471e+11, 1.04671e+12, -6.51471e+11
605, -1.04924e+12, 6.53358e+11, 1.04924e+12, -6.53358e+11
606, -1.05178e+12, 6.55249e+11, 1.05178e+12, -6.55249e+11
607, -1.05432e+12, 6.57144e+11, 1.05432e+12, -6.57144e+11
608, -1.05672e+12, 6.58932e+11, 1.05672e+12, -6.58932e+11
609, -1.05912e+12, 6.60723e+11, 1.05912e+12, -6.60723e+11
610, -1.06153e+12, 6.62519e+11, 1.06153e+12, -6.62519e+11
611, -1.06394e+12, 6.64318e+11, 1.06394e+12, -6.64318e+11
612, -1.06636e+12, 6.6612e+11, 1.06636e+12, -6.6612e+11
613, -1.06878e+12, 6.67927e+11, 1.06878e+12, -6.67927e+11
614, -1.07121e+12, 6.69737e+11, 1.07121e+12, -6.69737e+11
615, -1.07365e+12, 6.71551e+11, 1.07365e+12, -6.71551e+11
616, -1.07608e+12, 6.73369e+11, 1.07608e+12, -6.73369e+11
617, -1.07853e+12, 6.75191e+11, 1.07853e+12, -6.75191e+11
618, -1.08097e+12, 6.77016e+11, 1.08097e+12, -6.77016e+11
619, -1.08343e+12, 6.78846e+11, 1.08343e+12, -6.78846e+11
620, -1.08589e+12, 6.80679e+11, 1.08589e+12, -6.80679e+11
621, -1.08835e+12, 6.82516e+11, 1.08835e+12, -6.82516e+11
622, -1.09082e+12, 6.84356e+11, 1.09082e+12, -6.84356e+11
623, -1.09329e+12, 6.86201e+11, 1.09329e+12, -6.86201e+11
624, -1.09577e+12, 6.8805e+11, 1.09577e+12, -6.8805e+11
625, -1.09825e+12, 6.89902e+11, 1.09825e+12, -6.89902e+11
626, -1.10074e+12, 6.91758e+11, 1.10074e+12, -6.91758e+11
627, -1.10323e+12, 6.93619e+11, 1.10323e+12, -6.93619e+11
628, -1.10573e+12, 6.95483e+11, 1.10573e+12, -6.95483e+11
629, -1.10823e+12, 6.97351e+11, 1.10823e+12, -6.97351e+11
630, -1.11074e+12, 6.99222e+11, 1.11074e+12, -6.99222e+11
631, -1.11326e+12, 7.01098e+11, 1.11326e+12, -7.01098e+11
632, -1.11577e+12, 7.02978e+11, 1.11577e+12, -7.02978e+11
633, -1.1183e+12, 7.04861e+11, 1.1183e+12, -7.04861e+11
634, -1.12083e+12, 7.06749e+11, 1.12083e+12, -7.06749e+11
635, -1.1232e+12, 7.08522e+11, 1.1232e+12, -7.08522e+11
636, -1.12558e+12, 7.10299e+11, 1.12558e+12, -7.10299e+11
637, -1.12797e+12, 7.12079e+11, 1.12797e+12, -7.12079e+11
638, -1.13036e+12, 7.13863e+11, 1.13036e+12, -7.13863e+11
639, -1.13275e+12, 7.1565e+11, 1.13275e+12, -7.1565e+11
640, -1.13515e+12, 7.1744e+11, 1.13515e+12, -7.1744e+11
641, -1.13755e+12, 7.19234e+11, 1.13755e+12, -7.19234e+11
642, -1.13996e+12, 7.21032e+11, 1.13996e+12, -7.21032e+11
643, -1.14237e+12, 7.22833e+11, 1.14237e+12, -7.22833e+11
644, -1.14479e+12, 7.24638e+11, 1.14479e+12, -7.24638e+11
645, -1.14721e+12, 7.26446e+11, 1.14721e+12, -7.26446e+11
646, -1.14964e+12, 7.28258e+11, 1.14964e+12, -7.28258e+11
647, -1.15207e+12, 7.30073e+11, 1.15207e+12, -7.30073e+11
648, -1.1545e+12, 7.31892e+11, 1.1545e+12, -7.31892e+11
649, -1.15694e+12, 7.33714e+11, 1.15694e+12, -7.33714e+11
650, -1.15939e+12, 7.3554e+11, 1.15939e+12, -7.3554e+11
651, -1.16184e+12, 7.3737e+11, 1.16184e+12, -7.3737e+11
652, -1.16429e+12, 7.39203e+11, 1.16429e+12, -7.39203e+11
653, -1.16675e+12, 7.41039e+11, 1.16675e+12, -7.41039e+11
654, -1.16921e+12, 7.4288e+11, 1.16921e+12, -7.4288e+11
655, -1.17168e+12, 7.44724e+11, 1.17168e+12, -7.44724e+11
656, -1.17415e+12, 7.46571e+11, 1.17415e+12, -7.46571e+11
657, -1.17663e+12, 7.48422e+11, 1.17663e+12, -7.48422e+11
658, -1.17911e+12, 7.50277e+11, 1.17911e+12, -7.50277e+11
659, -1.1816e+12, 7.52135e+11, 1.1816e+12, -7.52135e+11
660, -1.18409e+12, 7.53997e+11, 1.18409e+12, -7.53997e+11
661, -1.18659e+12, 7.55863e+11, 1.18659e+12, -7.55863e+11
662, -1.18909e+12, 7.57732e+11, 1.18909e+12, -7.57732e+11
663, -1.19159e+12, 7.59605e+11, 1.19159e+12, -7.59605e+11
664, -1.1941e+12, 7.61482e+11, 1.1941e+12, -7.61482e+11
665, -1.19662e+12, 7.63362e+11, 1.19662e+12, -7.63362e+11
666, -1.19897e+12, 7.6512e+11, 1.19897e+12, -7.6512e+11
667, -1.20133e+12, 7.66881e+11, 1.20133e+12, -7.66881e+11
668, -1.20369e+12, 7.68646e+11, 1.20369e+12, -7.68646e+11
669, -1.20605e+12, 7.70414e+11, 1.20605e+12, -7.70414e+11
670, -1.20842e+12, 7.72185e+11, 1.20842e+12, -7.72185e+11
671, -1.21079e+12, 7.73959e+11, 1.21079e+12, -7.73959e+11
672, -1.21317e+12, 7.75737e+11, 1.21317e+12, -7.75737e+11
673, -1.21555e+12, 7.77517e+11, 1.21555e+12, -7.77517e+11
674, -1.21794e+12, 7.79301e+11, 1.21794e+12, -7.79301e+11
675, -1.22033e+12, 7.81089e+11, 1.22033e+12, -7.81089e+11
676, -1.22272e+12, 7.82879e+11, 1.22272e+12, -7.82879e+11
677, -1.22512e+12, 7.84673e+11, 1.22512e+12, -7.84673e+11
678, -1.22753e+12, 7.8647e+11, 1.22753e+12, -7.8647e+11
679, -1.22993e+12, 7.8827e+11, 1.22993e+12, -7.8827e+11
680, -1.23234e+12, 7.90074e+11, 1.23234e+12, -7.90074e+11
681, -1.23476e+12, 7.91881e+11, 1.23476e+12, -7.91881e+11
682, -1.23718e+12, 7.93691e+11, 1.23718e+12, -7.93691e+11
683, -1.2396e+12, 7.95504e+11, 1.2396e+12, -7.95504e+11
684, -1.24203e+12, 7.97321e+11, 1.24203e+12, -7.97321e+11
685, -1.24447e+12, 7.99141e+11, 1.24447e+12, -7.99141e+11
686, -1.2469e+12, 8.00964e+11, 1.2469e+12, -8.00964e+11
687, -1.24935e+12, 8.02791e+11, 1.24935e+12, -8.02791e+11
688, -1.25179e+12, 8.04621e+11, 1.25179e+12, -8.04621e+11
689, -1.25424e+12, 8.06454e+11, 1.25424e+12, -8.06454e+11
690, -1.2567e+12, 8.08291e+11, 1.2567e+12, -8.08291e+11
691, -1.25916e+12, 8.10131e+11, 1.25916e+12, -8.10131e+11
692, -1.26162e+12, 8.11975e+11, 1.26162e+12, -8.11975e+11
693, -1.26409e+12, 8.13821e+11, 1.26409e+12, -8.13821e+11
694, -1.26656e+12, 8.15671e+11, 1.26656e+12, -8.15671e+11
695, -1.26904e+12, 8.17525e+11, 1.26904e+12, -8.17525e+11
696, -1.27152e+12, 8.19382e+11, 1.27152e+12, -8.19382e+11
697, -1.274e+12, 8.21242e+11, 1.274e+12, -8.21242e+11
698, -1.27649e+12, 8.23105e+11, 1.27649e+12, -8.23105e+11
699, -1.27899e+12, 8.24972e+11, 1.27899e+12, -8.24972e+11
700, -1.28149e+12, 8.26843e+11, 1.28149e+12, -8.26843e+11
701, -1.28399e+12, 8.28716e+11, 1.28399e+12, -8.28716e+11
702, -1.28632e+12, 8.30459e+11, 1.28632e+12, -8.30459e+11
703, -1.28865e+12, 8.32205e+11, 1.28865e+12, -8.32205e+11
704, -1.29099e+12, 8.33954e+11, 1.29099e+12, -8.33954e+11
705, -1.29333e+12, 8.35706e+11, 1.29333e+12, -8.35706e+11
706, -1.29567e+12, 8.37461e+11, 1.29567e+12, -8.37461e+11
707, -1.29802e+12, 8.39218e+11, 1.29802e+12, -8.39218e+11
708, -1.30037e+12, 8.40979e+11, 1.30037e+12, -8.40979e+11
709, -1.30273e+12, 8.42743e+11, 1.30273e+12, -8.42743e+11
710, -1.30509e+12, 8.44509e+11, 1.30509e+12, -8.44509e+11
711, -1.30745e+12, 8.46279e+11, 1.30745e+12, -8.46279e+11
712, -1.30982e+12, 8.48052e+11, 1.30982e+12, -8.48052e+11
713, -1.31219e+12, 8.49827e+11, 1.31219e+12, -8.49827e+11
714, -1.31456e+12, 8.51606e+11, 1.31456e+12, -8.51606e+11
715, -1.31694e+12, 8.53387e+11, 1.31694e+12, -8.53387e+11
716, -1.31932e+12, 8.55172e+11, 1.31932e+12, -8.55172e+11
717, -1.32171e+12, 8.5696e+11, 1.32171e+12, -8.5696e+11
718, -1.3241e+12, 8.5875e+11, 1.3241e+12, -8.5875e+11
719, -1.3265e+12, 8.60544e+11, 1.3265e+12, -8.60544e+11
720, -1.3289e+12, 8.62341e+11, 1.3289e+12, -8.62341e+11
721, -1.3313e+12, 8.6414e+11, 1.3313e+12, -8.6414e+11
722, -1.33371e+12, 8.65943e+11, 1.33371e+12, -8.65943e+11
723, -1.33612e+12, 8.67749e+11, 1.33612e+12, -8.67749e+11
724, -1.33853e+12, 8.69558e+11, 1.33853e+12, -8.69558e+11
725, -1.34095e+12, 8.71369e+11, 1.34095e+12, -8.71369e+11
726, -1.34337e+12, 8.73184e+11, 1.34337e+12, -8.73184e+11
727, -1.3458e+12, 8.75002e+11, 1.3458e+12, -8.75002e+11
728, -1.34823e+12, 8.76823e+11, 1.34823e+12, -8.76823e+11
729, -1.35067e+12, 8.78647e+11, 1.35067e+12, -8.78647e+11
730, -1.3531e+12, 8.80475e+11, 1.3531e+12, -8.80475e+11
731, -1.35555e+12, 8.82305e+11, 1.35555e+12, -8.82305e+11
732, -1.35799e+12, 8.84138e+11, 1.35799e+12, -8.84138e+11
733, -1.36044e+12, 8.85975e+11, 1.36044e+12, -8.85975e+11
734, -1.3629e+12, 8.87814e+11, 1.3629e+12, -8.87814e+11
735, -1.36536e+12, 8.89657e+11, 1.36536e+12, -8.89657e+11
736, -1.36782e+12, 8.91503e+11, 1.36782e+12, -8.91503e+11
737, -1.37029e+12, 8.93351e+11, 1.37029e+12, -8.93351e+11
738, -1.37276e+12, 8.95203e+11, 1.37276e+12, -8.95203e+11
739, -1.37524e+12, 8.97058e+11, 1.37524e+12, -8.97058e+11
740, -1.37772e+12, 8.98917e+11, 1.37772e+12, -8.98917e+11
741, -1.3802e+12, 9.00778e+11, 1.3802e+12, -9.00778e+11
742, -1.38269e+12, 9.02642e+11, 1.38269e+12, -9.02642e+11
743, -1.38518e+12, 9.0451e+11, 1.38518e+12, -9.0451e+11
744, -1.38748e+12, 9.06237e+11, 1.38748e+12, -9.06237e+11
745, -1.38979e+12, 9.07966e+11, 1.38979e+12, -9.07966e+11
746, -1.3921e+12, 9.09698e+11, 1.3921e+12, -9.09698e+11
747, -1.39441e+12, 9.11433e+11, 1.39441e+12, -9.11433e+11
748, -1.39673e+12, 9.1317e+11, 1.39673e+12, -9.1317e+11
749, -1.39905e+12, 9.14911e+11, 1.39905e+12, -9.14911e+11
750, -1.40138e+12, 9.16653e+11, 1.40138e+12, -9.16653e+11
751, -1.40371e+12, 9.18399e+11, 1.40371e+12, -9.18399e+11
752, -1.40604e+12, 9.20147e+11, 1.40604e+12, -9.20147e+11
753, -1.40837e+12, 9.21898e+11, 1.40837e+12, -9.21898e+11
754, -1.41071e+12, 9.23652e+11, 1.41071e+12, -9.23652e+11
755, -1.41306e+12, 9.25409e+11, 1.41306e+12, -9.25409e+11
756, -1.4154e+12, 9.27168e+11, 1.4154e+12, -9.27168e+11
757, -1.41775e+12, 9.2893e+11, 1.41775e+12, -9.2893e+11
758, -1.42011e+12, 9.30694e+11, 1.42011e+12, -9.30694e+11
759, -1.42246e+12, 9.32462e+11, 1.42246e+12, -9.32462e+11
760, -1.42482e+12, 9.34232e+11, 1.42482e+12, -9.34232e+11
761, -1.42719e+12, 9.36005e+11, 1.42719e+12, -9.36005e+11
762, -1.42956e+12, 9.3778e+11, 1.42956e+12, -9.3778e+11
763, -1.43193e+12, 9.39559e+11, 1.43193e+12, -9.39559e+11
764, -1.4343e+12, 9.4134e+11, 1.4343e+12, -9.4134e+11
765, -1.43668e+12, 9.43124e+11, 1.43668e+12, -9.43124e+11
766, -1.43906e+12, 9.44911e+11, 1.43906e+12, -9.44911e+11
767, -1.44145e+12, 9.467e+11, 1.44145e+12, -9.467e+11
768, -1.44384e+12, 9.48492e+11, 1.44384e+12, -9.48492e+11
769, -1.44623e+12, 9.50287e+11, 1.44623e+12, -9.50287e+11
770, -1.44863e+12, 9.52085e+11, 1.44863e+12, -9.52085e+11
771, -1.45103e+12, 9.53886e+11, 1.45103e+12, -9.53886e+11
772, -1.45344e+12, 9.55689e+11, 1.45344e+12, -9.55689e+11
773, -1.45584e+12, 9.57495e+11, 1.45584e+12, -9.57495e+11
774, -1.45826e+12, 9.59304e+11, 1.45826e+12, -9.59304e+11
775, -1.46067e+12, 9.61116e+11, 1.46067e+12, -9.61116e+11
776, -1.46309e+12, 9.62931e+11, 1.46309e+12, -9.62931e+11
777, -1.46551e+12, 9.64748e+11, 1.46551e+12, -9.64748e+11
778, -1.46794e+12, 9.66568e+11, 1.46794e+12, -9.66568e+11
779, -1.47037e+12, 9.68391e+11, 1.47037e+12, -9.68391e+11
780, -1.4728e+12, 9.70217e+11, 1.4728e+12, -9.70217e+11
781, -1.47524e+12, 9.72046e+11, 1.47524e+12, -9.72046e+11
782, -1.47768e+12, 9.73878e+11, 1.47768e+12, -9.73878e+11
783, -1.48013e+12, 9.75712e+11, 1.48013e+12, -9.75712e+11
784, -1.48258e+12, 9.77549e+11, 1.48258e+12, -9.77549e+11
785, -1.48503e+12, 9.79389e+11, 1.48503e+12, -9.79389e+11
786, -1.48748e+12, 9.81232e+11, 1.48748e+12, -9.81232e+11
787, -1.48994e+12, 9.83078e+11, 1.48994e+12, -9.83078e+11
788, -1.49241e+12, 9.84927e+11, 1.49241e+12, -9.84927e+11
789, -1.49488e+12, 9.86778e+11, 1.49488e+12, -9.86778e+11
790, -1.49735e+12, 9.88633e+11, 1.49735e+12, -9.88633e+11
791, -1.49982e+12, 9.9049e+11, 1.49982e+12, -9.9049e+11
792, -1.5023e+12, 9.9235e+11, 1.5023e+12, -9.9235e+11
793, -1.50478e+12, 9.94213e+11, 1.50478e+12, -9.94213e+11
794, -1.50727e+12, 9.96079e+11, 1.50727e+12, -9.96079e+11
795, -1.50955e+12, 9.97792e+11, 1.50955e+12, -9.97792e+11
796, -1.51184e+12, 9.99508e+11, 1.51184e+12, -9.99508e+11
797, -1.51413e+12, 1.00123e+12, 1.51413e+12, -1.00123e+12
798, -1.51642e+12, 1.00295e+12, 1.51642e+12, -1.00295e+12
799, -1.51871e+12, 1.00467e+12, 1.51871e+12, -1.00467e+12
800, -1.52101e+12, 1.00639e+12, 1.52101e+12, -1.00639e+12
801, -1.52331e+12, 1.00812e+12, 1.52331e+12, -1.00812e+12
802, -1.52562e+12, 1.00985e+12, 1.52562e+12, -1.00985e+12
803, -1.52793e+12, 1.01158e+12, 1.52793e+12, -1.01158e+12
804, -1.53024e+12, 1.01332e+12, 1.53024e+12, -1.01332e+12
805, -1.53255e+12, 1.01506e+12, 1.53255e+12, -1.01506e+12
806, -1.53487e+12, 1.0168e+12, 1.53487e+12, -1.0168e+12
807, -1.53719e+12, 1.01854e+12, 1.53719e+12, -1.01854e+12
808, -1.53952e+12, 1.02028e+12, 1.53952e+12, -1.02028e+12
809, -1.54185e+12, 1.02203e+12, 1.54185e+12, -1.02203e+12
810, -1.54418e+12, 1.02378e+12, 1.54418e+12, -1.02378e+12
811, -1.54651e+12, 1.02553e+12, 1.54651e+12, -1.02553e+12
812, -1.54885e+12, 1.02729e+12, 1.54885e+12, -1.02729e+12
813, -1.55119e+12, 1.02905e+12, 1.55119e+12, -1.02905e+12
814, -1.55353e+12, 1.03081e+12, 1.55353e+12, -1.03081e+12
815, -1.55588e+12, 1.03257e+12, 1.55588e+12, -1.03257e+12
816, -1.55823e+12, 1.03433e+12, 1.55823e+12, -1.03433e+12
817, -1.56058e+12, 1.0361e+12, 1.56058e+12, -1.0361e+12
818, -1.56294e+12, 1.03787e+12, 1.56294e+12, -1.03787e+12
819, -1.5653e+12, 1.03964e+12, 1.5653e+12, -1.03964e+12
820, -1.56767e+12, 1.04142e+12, 1.56767e+12, -1.04142e+12
821, -1.57003e+12, 1.04319e+12, 1.57003e+12, -1.04319e+12
822, -1.5724e+12, 1.04497e+12, 1.5724e+12, -1.04497e+12
823, -1.57478e+12, 1.04676e+12, 1.57478e+12, -1.04676e+12
824, -1.57715e+12, 1.04854e+12, 1.57715e+12, -1.04854e+12
825, -1.57953e+12, 1.05033e+12, 1.57953e+12, -1.05033e+12
826, -1.58192e+12, 1.05212e+12, 1.58192e+12, -1.05212e+12
827, -1.58431e+12, 1.05391e+12, 1.58431e+12, -1.05391e+12
828, -1.5867e+12, 1.05571e+12, 1.5867e+12, -1.05571e+12
829, -1.58909e+12, 1.0575e+12, 1.58909e+12, -1.0575e+12
830, -1.59149e+12, 1.0593e+12, 1.59149e+12, -1.0593e+12
831, -1.59389e+12, 1.06111e+12, 1.59389e+12, -1.06111e+12
832, -1.59629e+12, 1.06291e+12, 1.59629e+12, -1.06291e+12
833, -1.5987e+12, 1.06472e+12, 1.5987e+12, -1.06472e+12
834, -1.60111e+12, 1.06653e+12, 1.60111e+12, -1.06653e+12
835, -1.60352e+12, 1.06834e+12, 1.60352e+12, -1.06834e+12
836, -1.60594e+12, 1.07016e+12, 1.60594e+12, -1.07016e+12
837, -1.60836e+12, 1.07198e+12, 1.60836e+12, -1.07198e+12
838, -1.61078e+12, 1.0738e+12, 1.61078e+12, -1.0738e+12
839, -1.61321e+12, 1.07562e+12, 1.61321e+12, -1.07562e+12
840, -1.61564e+12, 1.07745e+12, 1.61564e+12, -1.07745e+12
841, -1.61808e+12, 1.07928e+12, 1.61808e+12, -1.07928e+12
842, -1.62051e+12, 1.08111e+12, 1.62051e+12, -1.08111e+12
843, -1.62296e+12, 1.08294e+12, 1.62296e+12, -1.08294e+12
844, -1.6254e+12, 1.08478e+12, 1.6254e+12, -1.08478e+12
845, -1.62785e+12, 1.08662e+12, 1.62785e+12, -1.08662e+12
846, -1.6303e+12, 1.08846e+12, 1.6303e+12, -1.08846e+12
847, -1.63275e+12, 1.0903e+12, 1.63275e+12, -1.0903e+12
848, -1.63521e+12, 1.09215e+12, 1.63521e+12, -1.09215e+12
849, -1.63767e+12, 1.094e+12, 1.63767e+12, -1.094e+12
850, -1.64014e+12, 1.09585e+12, 1.64014e+12, -1.09585e+12
851, -1.64261e+12, 1.0977e+12, 1.64261e+12, -1.0977e+12
852, -1.64508e+12, 1.09956e+12, 1.64508e+12, -1.09956e+12
853, -1.64755e+12, 1.10142e+12, 1.64755e+12, -1.10142e+12
854, -1.65003e+12, 1.10328e+12, 1.65003e+12, -1.10328e+12
855, -1.65252e+12, 1.10515e+12, 1.65252e+12, -1.10515e+12
856, -1.65478e+12, 1.10685e+12, 1.65478e+12, -1.10685e+12
857, -1.65704e+12, 1.10855e+12, 1.65704e+12, -1.10855e+12
858, -1.6593e+12, 1.11025e+12, 1.6593e+12, -1.11025e+12
859, -1.66157e+12, 1.11195e+12, 1.66157e+12, -1.11195e+12
860, -1.66384e+12, 1.11366e+12, 1.66384e+12, -1.11366e+12
861, -1.66612e+12, 1.11537e+12, 1.66612e+12, -1.11537e+12
862, -1.66839e+12, 1.11708e+12, 1.66839e+12, -1.11708e+12
863, -1.67067e+12, 1.11879e+12, 1.67067e+12, -1.11879e+12
864, -1.67296e+12, 1.12051e+12, 1.67296e+12, -1.12051e+12
865, -1.67524e+12, 1.12223e+12, 1.67524e+12, -1.12223e+12
866, -1.67753e+12, 1.12395e+12, 1.67753e+12, -1.12395e+12
867, -1.67982e+12, 1.12567e+12, 1.67982e+12, -1.12567e+12
868, -1.68212e+12, 1.12739e+12, 1.68212e+12, -1.12739e+12
869, -1.68441e+12, 1.12912e+12, 1.68441e+12, -1.12912e+12
870, -1.68671e+12, 1.13085e+12, 1.68671e+12, -1.13085e+12
871, -1.68902e+12, 1.13258e+12, 1.68902e+12, -1.13258e+12
872, -1.69132e+12, 1.13431e+12, 1.69132e+12, -1.13431e+12
873, -1.69363e+12, 1.13605e+12, 1.69363e+12, -1.13605e+12
874, -1.69594e+12, 1.13778e+12, 1.69594e+12, -1.13778e+12
875, -1.69826e+12, 1.13952e+12, 1.69826e+12, -1.13952e+12
876, -1.70058e+12, 1.14127e+12, 1.70058e+12, -1.14127e+12
877, -1.7029e+12, 1.14301e+12, 1.7029e+12, -1.14301e+12
878, -1.70522e+12, 1.14476e+12, 1.70522e+12, -1.14476e+12
879, -1.70755e+12, 1.14651e+12, 1.70755e+12, -1.14651e+12
880, -1.70988e+12, 1.14826e+12, 1.70988e+12, -1.14826e+12
881, -1.71221e+12, 1.15001e+12, 1.71221e+12, -1.15001e+12
882, -1.71455e+12, 1.15177e+12, 1.71455e+12, -1.15177e+12
883, -1.71689e+12, 1.15352e+12, 1.71689e+12, -1.15352e+12
884, -1.71923e+12, 1.15528e+12, 1.71923e+12, -1.15528e+12
885, -1.72157e+12, 1.15705e+12, 1.72157e+12, -1.15705e+12
886, -1.72392e+12, 1.15881e+12, 1.72392e+12, -1.15881e+12
887, -1.72627e+12, 1.16058e+12, 1.72627e+12, -1.16058e+12
888, -1.72862e+12, 1.16235e+12, 1.72862e+12, -1.16235e+12
889, -1.73098e+12, 1.16412e+12, 1.73098e+12, -1.16412e+12
890, -1.73334e+12, 1.16589e+12, 1.73334e+12, -1.16589e+12
891, -1.7357e+12, 1.16767e+12, 1.7357e+12, -1.16767e+12
892, -1.73807e+12, 1.16945e+12, 1.73807e+12, -1.16945e+12
893, -1.74044e+12, 1.17123e+12, 1.74044e+12, -1.17123e+12
894, -1.74281e+12, 1.17301e+12, 1.74281e+12, -1.17301e+12
895, -1.74518e+12, 1.1748e+12, 1.74518e+12, -1.1748e+12
896, -1.74756e+12, 1.17658e+12, 1.74756e+12, -1.17658e+12
897, -1.74994e+12, 1.17837e+12, 1.74994e+12, -1.17837e+12
898, -1.75232e+12, 1.18017e+12, 1.75232e+12, -1.18017e+12
899, -1.75471e+12, 1.18196e+12, 1.75471e+12, -1.18196e+12
900, -1.7571e+12, 1.18376e+12, 1.7571e+12, -1.18376e+12
901, -1.75949e+12, 1.18556e+12, 1.75949e+12, -1.18556e+12
902, -1.76189e+12, 1.18736e+12, 1.76189e+12, -1.18736e+12
903, -1.76429e+12, 1.18916e+12, 1.76429e+12, -1.18916e+12
904, -1.76669e+12, 1.19097e+12, 1.76669e+12, -1.19097e+12
905, -1.7691e+12, 1.19277e+12, 1.7691e+12, -1.19277e+12
906, -1.7715e+12, 1.19459e+12, 1.7715e+12, -1.19459e+12
907, -1.77391e+12, 1.1964e+12, 1.77391e+12, -1.1964e+12
908, -1.77633e+12, 1.19821e+12, 1.77633e+12, -1.19821e+12
909, -1.77875e+12, 1.20003e+12, 1.77875e+12, -1.20003e+12
910, -1.78117e+12, 1.20185e+12, 1.78117e+12, -1.20185e+12
911, -1.78359e+12, 1.20367e+12, 1.78359e+12, -1.20367e+12
912, -1.78602e+12, 1.2055e+12, 1.78602e+12, -1.2055e+12
913, -1.78845e+12, 1.20733e+12, 1.78845e+12, -1.20733e+12
914, -1.79088e+12, 1.20915e+12, 1.79088e+12, -1.20915e+12
915, -1.79331e+12, 1.21099e+12, 1.79331e+12, -1.21099e+12
916, -1.79575e+12, 1.21282e+12, 1.79575e+12, -1.21282e+12
917, -1.79819e+12, 1.21466e+12, 1.79819e+12, -1.21466e+12
918, -1.80064e+12, 1.2165e+12, 1.80064e+12, -1.2165e+12
919, -1.80309e+12, 1.21834e+12, 1.80309e+12, -1.21834e+12
920, -1.80554e+12, 1.22018e+12, 1.80554e+12, -1.22018e+12
921, -1.80799e+12, 1.22203e+12, 1.80799e+12, -1.22203e+12
922, -1.81045e+12, 1.22387e+12, 1.81045e+12, -1.22387e+12
923, -1.81291e+12, 1.22573e+12, 1.81291e+12, -1.22573e+12
924, -1.81538e+12, 1.22758e+12, 1.81538e+12, -1.22758e+12
925, -1.81784e+12, 1.22943e+12, 1.81784e+12, -1.22943e+12
926, -1.82031e+12, 1.23129e+12, 1.82031e+12, -1.23129e+12
927, -1.82279e+12, 1.23315e+12, 1.82279e+12, -1.23315e+12
928, -1.82526e+12, 1.23501e+12, 1.82526e+12, -1.23501e+12
929, -1.82774e+12, 1.23688e+12, 1.82774e+12, -1.23688e+12
930, -1.82998e+12, 1.23856e+12, 1.82998e+12, -1.23856e+12
931, -1.83221e+12, 1.24024e+12, 1.83221e+12, -1.24024e+12
932, -1.83445e+12, 1.24193e+12, 1.83445e+12, -1.24193e+12
933, -1.83669e+12, 1.24361e+12, 1.83669e+12, -1.24361e+12
934, -1.83894e+12, 1.2453e+12, 1.83894e+12, -1.2453e+12
935, -1.84119e+12, 1.24699e+12, 1.84119e+12, -1.24699e+12
936, -1.84343e+12, 1.24868e+12, 1.84343e+12, -1.24868e+12
937, -1.84569e+12, 1.25038e+12, 1.84569e+12, -1.25038e+12
938, -1.84794e+12, 1.25207e+12, 1.84794e+12, -1.25207e+12
939, -1.8502e+12, 1.25377e+12, 1.8502e+12, -1.25377e+12
940, -1.85246e+12, 1.25547e+12, 1.85246e+12, -1.25547e+12
941, -1.85472e+12, 1.25718e+12, 1.85472e+12, -1.25718e+12
942, -1.85699e+12, 1.25888e+12, 1.85699e+12, -1.25888e+12
943, -1.85925e+12, 1.26059e+12, 1.85925e+12, -1.26059e+12
944, -1.86152e+12, 1.26229e+12, 1.86152e+12, -1.26229e+12
945, -1.8638e+12, 1.264e+12, 1.8638e+12, -1.264e+12
946, -1.86607e+12, 1.26571e+12, 1.86607e+12, -1.26571e+12
947, -1.86835e+12, 1.26743e+12, 1.86835e+12, -1.26743e+12
948, -1.87063e+12, 1.26914e+12, 1.87063e+12, -1.26914e+12
949, -1.87292e+12, 1.27086e+12, 1.87292e+12, -1.27086e+12
950, -1.8752e+12, 1.27258e+12, 1.8752e+12, -1.27258e+12
951, -1.87749e+12, 1.2743e+12, 1.87749e+12, -1.2743e+12
952, -1.87978e+12, 1.27603e+12, 1.87978e+12, -1.27603e+12
953, -1.88207e+12, 1.27775e+12, 1.88207e+12, -1.27775e+12
954, -1.88437e+12, 1.27948e+12, 1.88437e+12, -1.27948e+12
955, -1.88667e+12, 1.28121e+12, 1.88667e+12, -1.28121e+12
956, -1.88897e+12, 1.28294e+12, 1.88897e+12, -1.28294e+12
957, -1.89128e+12, 1.28468e+12, 1.89128e+12, -1.28468e+12
958, -1.89358e+12, 1.28641e+12, 1.89358e+12, -1.28641e+12
959, -1.89589e+12, 1.28815e+12, 1.89589e+12, -1.28815e+12
960, -1.89821e+12, 1.28989e+12, 1.89821e+12, -1.28989e+12
961, -1.90052e+12, 1.29163e+12, 1.90052e+12, -1.29163e+12
962, -1.90284e+12, 1.29338e+12, 1.90284e+12, -1.29338e+12
963, -1.90516e+12, 1.29512e+12, 1.90516e+12, -1.29512e+12
964, -1.90748e+12, 1.29687e+12, 1.90748e+12, -1.29687e+12
965, -1.90981e+12, 1.29862e+12, 1.90981e+12, -1.29862e+12
966, -1.91213e+12, 1.30037e+12, 1.91213e+12, -1.30037e+12
967, -1.91447e+12, 1.30213e+12, 1.91447e+12, -1.30213e+12
968, -1.9168e+12, 1.30388e+12, 1.9168e+12, -1.30388e+12
969, -1.91914e+12, 1.30564e+12, 1.91914e+12, -1.30564e+12
970, -1.92147e+12, 1.3074e+12, 1.92147e+12, -1.3074e+12
971, -1.92382e+12, 1.30916e+12, 1.92382e+12, -1.30916e+12
972, -1.92616e+12, 1.31093e+12, 1.92616e+12, -1.31093e+12
973, -1.92851e+12, 1.31269e+12, 1.92851e+12, -1.31269e+12
974, -1.93086e+12, 1.31446e+12, 1.93086e+12, -1.31446e+12
975, -1.93321e+12, 1.31623e+12, 1.93321e+12, -1.31623e+12
976, -1.93556e+12, 1.318e+12, 1.93556e+12, -1.318e+12
977, -1.93792e+12, 1.31978e+12, 1.93792e+12, -1.31978e+12
978, -1.94028e+12, 1.32155e+12, 1.94028e+12, -1.32155e+12
979, -1.94264e+12, 1.32333e+12, 1.94264e+12, -1.32333e+12
980, -1.94501e+12, 1.32511e+12, 1.94501e+12, -1.32511e+12
981, -1.94738e+12, 1.3269e+12, 1.94738e+12, -1.3269e+12
982, -1.94975e+12, 1.32868e+12, 1.94975e+12, -1.32868e+12
983, -1.95212e+12, 1.33047e+12, 1.95212e+12, -1.33047e+12
984, -1.9545e+12, 1.33226e+12, 1.9545e+12, -1.33226e+12
985, -1.95688e+12, 1.33405e+12, 1.95688e+12, -1.33405e+12
986, -1.95926e+12, 1.33584e+12, 1.95926e+12, -1.33584e+12
987, -1.96165e+12, 1.33763e+12, 1.96165e+12, -1.33763e+12
988, -1.96403e+12, 1.33943e+12, 1.96403e+12, -1.33943e+12
989, -1.96642e+12, 1.34123e+12, 1.96642e+12, -1.34123e+12
990, -1.96882e+12, 1.34303e+12, 1.96882e+12, -1.34303e+12
991, -1.97121e+12, 1.34483e+12, 1.97121e+12, -1.34483e+12
992, -1.97361e+12, 1.34664e+12, 1.97361e+12, -1.34664e+12
993, -1.97601e+12, 1.34845e+12, 1.97601e+12, -1.34845e+12
994, -1.97842e+12, 1.35026e+12, 1.97842e+12, -1.35026e+12
995, -1.98082e+12, 1.35207e+12, 1.98082e+12, -1.35207e+12
996, -1.98323e+12, 1.35388e+12, 1.98323e+12, -1.35388e+12
997, -1.98565e+12, 1.3557e+12, 1.98565e+12, -1.3557e+12
998, -1.98806e+12, 1.35752e+12, 1.98806e+12, -1.35752e+12
999, -1.99048e+12, 1.35934e+12, 1.99048e+12, -1.35934e+12
1000, -1.9929e+12, 1.36116e+12, 1.9929e+12, -1.36116e+12
