0, 1e+11, 1e+12, -1e+11, -1e+12
1, 1e+11, 9.96924e+11, -1e+11, -9.96924e+11
2, 9.99998e+10, 9.93847e+11, -9.99998e+10, -9.93847e+11
3, 9.99995e+10, 9.90768e+11, -9.99995e+10, -9.90768e+11
4, 9.99991e+10, 9.87687e+11, -9.99991e+10, -9.87687e+11
5, 9.99984e+10, 9.84605e+11, -9.99984e+10, -9.84605e+11
6, 9.99976e+10, 9.81521e+11, -9.99976e+10, -9.81521e+11
7, 9.99967e+10, 9.78436e+11, -9.99967e+10, -9.78436e+11
8, 9.99956e+10, 9.75349e+11, -9.99956e+10, -9.75349e+11
9, 9.99943e+10, 9.72261e+11, -9.99943e+10, -9.72261e+11
10, 9.99928e+10, 9.6917e+11, -9.99928e+10, -9.6917e+11
11, 9.99912e+10, 9.66079e+11, -9.99912e+10, -9.66079e+11
12, 9.99894e+10, 9.62985e+11, -9.99894e+10, -9.62985e+11
13, 9.99874e+10, 9.5989e+11, -9.99874e+10, -9.5989e+11
14, 9.99853e+10, 9.56793e+11, -9.99853e+10, -9.56793e+11
15, 9.9983e+10, 9.53695e+11, -9.9983e+10, -9.53695e+11
16, 9.99805e+10, 9.50594e+11, -9.99805e+10, -9.50594e+11
17, 9.99778e+10, 9.47493e+11, -9.99778e+10, -9.47493e+11
18, 9.9975e+10, 9.44389e+11, -9.9975e+10, -9.44389e+11
19, 9.99719e+10, 9.41284e+11, -9.99719e+10, -9.41284e+11
20, 9.99687e+10, 9.38176e+11, -9.99687e+10, -9.38176e+11
21, 9.99653e+10, 9.35068e+11, -9.99653e+10, -9.35068e+11
22, 9.99617e+10, 9.31957e+11, -9.99617e+10, -9.31957e+11
23, 9.9958e+10, 9.28845e+11, -9.9958e+10, -9.28845e+11
24, 9.9954e+10, 9.2573e+11, -9.9954e+10, -9.2573e+11
25, 9.99498e+10, 9.22614e+11, -9.99498e+10, -9.22614e+11
26, 9.99454e+10, 9.19497e+11, -9.99454e+10, -9.19497e+11
27, 9.99409e+10, 9.16377e+11, -9.99409e+10, -9.16377e+11
28, 9.99361e+10, 9.13256e+11, -9.99361e+10, -9.13256e+11
29, 9.99312e+10, 9.10132e+11, -9.99312e+10, -9.10132e+11
30, 9.9926e+10, 9.07007e+11, -9.9926e+10, -9.07007e+11
31, 9.99206e+10, 9.0388e+11, -9.99206e+10, -9.0388e+11
32, 9.99151e+10, 9.00751e+11, -9.99151e+10, -9.00751e+11
33, 9.99093e+10, 8.9762e+11, -9.99093e+10, -8.9762e+11
34, 9.99033e+10, 8.94488e+11, -9.99033e+10, -8.94488e+11
35, 9.98971e+10, 8.91353e+11, -9.98971e+10, -8.91353e+11
36, 9.98906e+10, 8.88217e+11, -9.98906e+10, -8.88217e+11
37, 9.9884e+10, 8.85078e+11, -9.9884e+10, -8.85078e+11
38, 9.98771e+10, 8.81937e+11, -9.98771e+10, -8.81937e+11
39, 9.987e+10, 8.78795e+11, -9.987e+10, -8.78795e+11
40, 9.98627e+10, 8.75651e+11, -9.98627e+10, -8.75651e+11
41, 9.98552e+10, 8.72504e+11, -9.98552e+10, -8.72504e+11
42, 9.98474e+10, 8.69356e+11, -9.98474e+10, -8.69356e+11
43, 9.98394e+10, 8.66205e+11, -9.98394e+10, -8.66205e+11
44, 9.98311e+10, 8.63053e+11, -9.98311e+10, -8.63053e+11
45, 9.98227e+10, 8.59898e+11, -9.98227e+10, -8.59898e+11
46, 9.98139e+10, 8.56741e+11, -9.98139e+10, -8.56741e+11
47, 9.9805e+10, 8.53582e+11, -9.9805e+10, -8.53582e+11
48, 9.97958e+10, 8.50422e+11, -9.97958e+10, -8.50422e+11
49, 9.97863e+10, 8.47259e+11, -9.97863e+10, -8.47259e+11
50, 9.97766e+10, 8.44093e+11, -9.97766e+10, -8.44093e+11
51, 9.97666e+10, 8.40926e+11, -9.97666e+10, -8.40926e+11
52, 9.97564e+10, 8.37757e+11, -9.97564e+10, -8.37757e+11
53, 9.97459e+10, 8.34585e+11, -9.97459e+10, -8.34585e+11
54, 9.97352e+10, 8.31411e+11, -9.97352e+10, -8.31411e+11
55, 9.97242e+10, 8.28235e+11, -9.97242e+10, -8.28235e+11
56, 9.97129e+10, 8.25057e+11, -9.97129e+10, -8.25057e+11
57, 9.97014e+10, 8.21876e+11, -9.97014e+10, -8.21876e+11
58, 9.96895e+10, 8.18693e+11, -9.96895e+10, -8.18693e+11
59, 9.96774e+10, 8.15508e+11, -9.96774e+10, -8.15508e+11
60, 9.96651e+10, 8.12321e+11, -9.96651e+10, -8.12321e+11
61, 9.96524e+10, 8.09131e+11, -9.96524e+10, -8.09131e+11
62, 9.96395e+10, 8.05939e+11, -9.96395e+10, -8.05939e+11
63, 9.96262e+10, 8.02744e+11, -9.96262e+10, -8.02744e+11
64, 9.96127e+10, 7.99547e+11, -9.96127e+10, -7.99547e+11
65, 9.95989e+10, 7.96348e+11, -9.95989e+10, -7.96348e+11
66, 9.95847e+10, 7.93147e+11, -9.95847e+10, -7.93147e+11
67, 9.95703e+10, 7.89942e+11, -9.95703e+10, -7.89942e+11
68, 9.95556e+10, 7.86736e+11, -9.95556e+10, -7.86736e+11
69, 9.95405e+10, 7.83527e+11, -9.95405e+10, -7.83527e+11
70, 9.95251e+10, 7.80315e+11, -9.95251e+10, -7.80315e+11
71, 9.95094e+10, 7.77101e+11, -9.95094e+10, -7.77101e+11
72, 9.94934e+10, 7.73885e+11, -9.94934e+10, -7.73885e+11
73, 9.94771e+10, 7.70666e+11, -9.94771e+10, -7.70666e+11
74, 9.94604e+10, 7.67444e+11, -9.94604e+10, -7.67444e+11
75, 9.94434e+10, 7.6422e+11, -9.94434e+10, -7.6422e+11
76, 9.94261e+10, 7.60993e+11, -9.94261e+10, -7.60993e+11
77, 9.94084e+10, 7.57764e+11, -9.94084e+10, -7.57764e+11
78, 9.93904e+10, 7.54531e+11, -9.93904e+10, -7.54531e+11
79, 9.9372e+10, 7.51297e+11, -9.9372e+10, -7.51297e+11
80, 9.93533e+10, 7.48059e+11, -9.93533e+10, -7.48059e+11
81, 9.93342e+10, 7.44819e+11, -9.93342e+10, -7.44819e+11
82, 9.93147e+10, 7.41576e+11, -9.93147e+10, -7.41576e+11
83, 9.92949e+10, 7.3833e+11, -9.92949e+10, -7.3833e+11
84, 9.92746e+10, 7.35081e+11, -9.92746e+10, -7.35081e+11
85, 9.92541e+10, 7.3183e+11, -9.92541e+10, -7.3183e+11
86, 9.92331e+10, 7.28576e+11, -9.92331e+10, -7.28576e+11
87, 9.92117e+10, 7.25319e+11, -9.92117e+10, -7.25319e+11
88, 9.919e+10, 7.22059e+11, -9.919e+10, -7.22059e+11
89, 9.91678e+10, 7.18796e+11, -9.91678e+10, -7.18796e+11
90, 9.91453e+10, 7.1553e+11, -9.91453e+10, -7.1553e+11
91, 9.91223e+10, 7.12261e+11, -9.91223e+10, -7.12261e+11
92, 9.90989e+10, 7.08989e+11, -9.90989e+10, -7.08989e+11
93, 9.90751e+10, 7.05714e+11, -9.90751e+10, -7.05714e+11
94, 9.90509e+10, 7.02437e+11, -9.90509e+10, -7.02437e+11
95, 9.90262e+10, 6.99156e+11, -9.90262e+10, -6.99156e+11
96, 9.90011e+10, 6.95872e+11, -9.90011e+10, -6.95872e+11
97, 9.89756e+10, 6.92584e+11, -9.89756e+10, -6.92584e+11
98, 9.89496e+10, 6.89294e+11, -9.89496e+10, -6.89294e+11
99, 9.89231e+10, 6.86e+11, -9.89231e+10, -6.86e+11
100, 9.88962e+10, 6.82704e+11, -9.88962e+10, -6.82704e+11
101, 9.88688e+10, 6.79404e+11, -9.88688e+10, -6.79404e+11
102, 9.8841e+10, 6.761e+11, -9.8841e+10, -6.761e+11
103, 9.88126e+10, 6.72794e+11, -9.88126e+10, -6.72794e+11
104, 9.87838e+10, 6.69484e+11, -9.87838e+10, -6.69484e+11
105, 9.87545e+10, 6.6617e+11, -9.87545e+10, -6.6617e+11
106, 9.87247e+10, 6.62853e+11, -9.87247e+10, -6.62853e+11
107, 9.86943e+10, 6.59533e+11, -9.86943e+10, -6.59533e+11
108, 9.86635e+10, 6.5621e+11, -9.86635e+10, -6.5621e+11
109, 9.86321e+10, 6.52882e+11, -9.86321e+10, -6.52882e+11
110, 9.86002e+10, 6.49552e+11, -9.86002e+10, -6.49552e+11
111, 9.85677e+10, 6.46217e+11, -9.85677e+10, -6.46217e+11
112, 9.85347e+10, 6.42879e+11, -9.85347e+10, -6.42879e+11
113, 9.85011e+10, 6.39538e+11, -9.85011e+10, -6.39538e+11
114, 9.8467e+10, 6.36192e+11, -9.8467e+10, -6.36192e+11
115, 9.84323e+10, 6.32843e+11, -9.84323e+10, -6.32843e+11
116, 9.8397e+10, 6.29491e+11, -9.8397e+10, -6.29491e+11
117, 9.83612e+10, 6.26134e+11, -9.83612e+10, -6.26134e+11
118, 9.83247e+10, 6.22774e+11, -9.83247e+10, -6.22774e+11
119, 9.82876e+10, 6.19409e+11, -9.82876e+10, -6.19409e+11
120, 9.82499e+10, 6.16041e+11, -9.82499e+10, -6.16041e+11
121, 9.82116e+10, 6.12669e+11, -9.82116e+10, -6.12669e+11
122, 9.81726e+10, 6.09293e+11, -9.81726e+10, -6.09293e+11
123, 9.8133e+10, 6.05912e+11, -9.8133e+10, -6.05912e+11
124, 9.80927e+10, 6.02528e+11, -9.80927e+10, -6.02528e+11
125, 9.80517e+10, 5.9914e+11, -9.80517e+10, -5.9914e+11
126, 9.80101e+10, 5.95747e+11, -9.80101e+10, -5.95747e+11
127, 9.79678e+10, 5.9235e+11, -9.79678e+10, -5.9235e+11
128, 9.79248e+10, 5.88949e+11, -9.79248e+10, -5.88949e+11
129, 9.7881e+10, 5.85543e+11, -9.7881e+10, -5.85543e+11
130, 9.78366e+10, 5.82134e+11, -9.78366e+10, -5.82134e+11
131, 9.77913e+10, 5.78719e+11, -9.77913e+10, -5.78719e+11
132, 9.77454e+10, 5.75301e+11, -9.77454e+10, -5.75301e+11
133, 9.76987e+10, 5.71877e+11, -9.76987e+10, -5.71877e+11
134, 9.76512e+10, 5.68449e+11, -9.76512e+10, -5.68449e+11
135, 9.76029e+10, 5.65017e+11, -9.76029e+10, -5.65017e+11
136, 9.75538e+10, 5.6158e+11, -9.75538e+10, -5.6158e+11
137, 9.75039e+10, 5.58138e+11, -9.75039e+10, -5.58138e+11
138, 9.74532e+10, 5.54691e+11, -9.74532e+10, -5.54691e+11
139, 9.74016e+10, 5.5124e+11, -9.74016e+10, -5.5124e+11
140, 9.73491e+10, 5.47784e+11, -9.73491e+10, -5.47784e+11
141, 9.72958e+10, 5.44322e+11, -9.72958e+10, -5.44322e+11
142, 9.72416e+10, 5.40856e+11, -9.72416e+10, -5.40856e+11
143, 9.71865e+10, 5.37384e+11, -9.71865e+10, -5.37384e+11
144, 9.71304e+10, 5.33908e+11, -9.71304e+10, -5.33908e+11
145, 9.70734e+10, 5.30426e+11, -9.70734e+10, -5.30426e+11
146, 9.70155e+10, 5.26939e+11, -9.70155e+10, -5.26939e+11
147, 9.69566e+10, 5.23447e+11, -9.69566e+10, -5.23447e+11
148, 9.68966e+10, 5.19949e+11, -9.68966e+10, -5.19949e+11
149, 9.68357e+10, 5.16445e+11, -9.68357e+10, -5.16445e+11
150, 9.67737e+10, 5.12937e+11, -9.67737e+10, -5.12937e+11
151, 9.67107e+10, 5.09422e+11, -9.67107e+10, -5.09422e+11
152, 9.66466e+10, 5.05902e+11, -9.66466e+10, -5.05902e+11
153, 9.65814e+10, 5.02376e+11, -9.65814e+10, -5.02376e+11
154, 9.65151e+10, 4.98844e+11, -9.65151e+10, -4.98844e+11
155, 9.64476e+10, 4.95307e+11, -9.64476e+10, -4.95307e+11
156, 9.6379e+10, 4.91763e+11, -9.6379e+10, -4.91763e+11
157, 9.63092e+10, 4.88213e+11, -9.63092e+10, -4.88213e+11
158, 9.62382e+10, 4.84657e+11, -9.62382e+10, -4.84657e+11
159, 9.6166e+10, 4.81095e+11, -9.6166e+10, -4.81095e+11
160, 9.60925e+10, 4.77526e+11, -9.60925e+10, -4.77526e+11
161, 9.60177e+10, 4.73951e+11, -9.60177e+10, -4.73951e+11
162, 9.59416e+10, 4.7037e+11, -9.59416e+10, -4.7037e+11
163, 9.58642e+10, 4.66782e+11, -9.58642e+10, -4.66782e+11
164, 9.57854e+10, 4.63187e+11, -9.57854e+10, -4.63187e+11
165, 9.57052e+10, 4.59585e+11, -9.57052e+10, -4.59585e+11
166, 9.56235e+10, 4.55977e+11, -9.56235e+10, -4.55977e+11
167, 9.55405e+10, 4.52361e+11, -9.55405e+10, -4.52361e+11
168, 9.54559e+10, 4.48738e+11, -9.54559e+10, -4.48738e+11
169, 9.53698e+10, 4.45108e+11, -9.53698e+10, -4.45108e+11
170, 9.52821e+10, 4.41471e+11, -9.52821e+10, -4.41471e+11
171, 9.51928e+10, 4.37827e+11, -9.51928e+10, -4.37827e+11
172, 9.51019e+10, 4.34174e+11, -9.51019e+10, -4.34174e+11
173, 9.50093e+10, 4.30514e+11, -9.50093e+10, -4.30514e+11
174, 9.49151e+10, 4.26847e+11, -9.49151e+10, -4.26847e+11
175, 9.4819e+10, 4.23171e+11, -9.4819e+10, -4.23171e+11
176, 9.47212e+10, 4.19487e+11, -9.47212e+10, -4.19487e+11
177, 9.46215e+10, 4.15795e+11, -9.46215e+10, -4.15795e+11
178, 9.452e+10, 4.12095e+11, -9.452e+10, -4.12095e+11
179, 9.44165e+10, 4.08386e+11, -9.44165e+10, -4.08386e+11
180, 9.43111e+10, 4.04669e+11, -9.43111e+10, -4.04669e+11
181, 9.42036e+10, 4.00943e+11, -9.42036e+10, -4.00943e+11
182, 9.40941e+10, 3.97208e+11, -9.40941e+10, -3.97208e+11
183, 9.39824e+10, 3.93464e+11, -9.39824e+10, -3.93464e+11
184, 9.38686e+10, 3.89711e+11, -9.38686e+10, -3.89711e+11
185, 9.37525e+10, 3.85948e+11, -9.37525e+10, -3.85948e+11
186, 9.36341e+10, 3.82176e+11, -9.36341e+10, -3.82176e+11
187, 9.35133e+10, 3.78394e+11, -9.35133e+10, -3.78394e+11
188, 9.33902e+10, 3.74602e+11, -9.33902e+10, -3.74602e+11
189, 9.32645e+10, 3.708e+11, -9.32645e+10, -3.708e+11
190, 9.31362e+10, 3.66988e+11, -9.31362e+10, -3.66988e+11
191, 9.30054e+10, 3.63165e+11, -9.30054e+10, -3.63165e+11
192, 9.28718e+10, 3.59332e+11, -9.28718e+10, -3.59332e+11
193, 9.27354e+10, 3.55488e+11, -9.27354e+10, -3.55488e+11
194, 9.25962e+10, 3.51632e+11, -9.25962e+10, -3.51632e+11
195, 9.2454e+10, 3.47766e+11, -9.2454e+10, -3.47766e+11
196, 9.23088e+10, 3.43888e+11, -9.23088e+10, -3.43888e+11
197, 9.21604e+10, 3.39998e+11, -9.21604e+10, -3.39998e+11
198, 9.20088e+10, 3.36096e+11, -9.20088e+10, -3.36096e+11
199, 9.18539e+10, 3.32181e+11, -9.18539e+10, -3.32181e+11
200, 9.16956e+10, 3.28254e+11, -9.16956e+10, -3.28254e+11
201, 9.15337e+10, 3.24315e+11, -9.15337e+10, -3.24315e+11
202, 9.13681e+10, 3.20362e+11, -9.13681e+10, -3.20362e+11
203, 9.11988e+10, 3.16396e+11, -9.11988e+10, -3.16396e+11
204, 9.10256e+10, 3.12416e+11, -9.10256e+10, -3.12416e+11
205, 9.08483e+10, 3.08423e+11, -9.08483e+10, -3.08423e+11
206, 9.06669e+10, 3.04415e+11, -9.06669e+10, -3.04415e+11
207, 9.04812e+10, 3.00392e+11, -9.04812e+10, -3.00392e+11
208, 9.0291e+10, 2.96354e+11, -9.0291e+10, -2.96354e+11
209, 9.00961e+10, 2.92301e+11, -9.00961e+10, -2.92301e+11
210, 8.98965e+10, 2.88232e+11, -8.98965e+10, -2.88232e+11
211, 8.96919e+10, 2.84147e+11, -8.96919e+10, -2.84147e+11
212, 8.94822e+10, 2.80046e+11, -8.94822e+10, -2.80046e+11
213, 8.92671e+10, 2.75928e+11, -8.92671e+10, -2.75928e+11
214, 8.90464e+10, 2.71792e+11, -8.90464e+10, -2.71792e+11
215, 8.882e+10, 2.67638e+11, -8.882e+10, -2.67638e+11
216, 8.85875e+10, 2.63466e+11, -8.85875e+10, -2.63466e+11
217, 8.83488e+10, 2.59275e+11, -8.83488e+10, -2.59275e+11
218, 8.81036e+10, 2.55065e+11, -8.81036e+10, -2.55065e+11
219, 8.78516e+10, 2.50835e+11, -8.78516e+10, -2.50835e+11
220, 8.75925e+10, 2.46584e+11, -8.75925e+10, -2.46584e+11
221, 8.73261e+10, 2.42313e+11, -8.73261e+10, -2.42313e+11
222, 8.70519e+10, 2.38019e+11, -8.70519e+10, -2.38019e+11
223, 8.67696e+10, 2.33703e+11, -8.67696e+10, -2.33703e+11
224, 8.64789e+10, 2.29364e+11, -8.64789e+10, -2.29364e+11
225, 8.61794e+10, 2.25002e+11, -8.61794e+10, -2.25002e+11
226, 8.58706e+10, 2.20614e+11, -8.58706e+10, -2.20614e+11
227, 8.55521e+10, 2.16202e+11, -8.55521e+10, -2.16202e+11
228, 8.52233e+10, 2.11763e+11, -8.52233e+10, -2.11763e+11
229, 8.48839e+10, 2.07297e+11, -8.48839e+10, -2.07297e+11
230, 8.45331e+10, 2.02803e+11, -8.45331e+10, -2.02803e+11
231, 8.41703e+10, 1.98279e+11, -8.41703e+10, -1.98279e+11
232, 8.3795e+10, 1.93726e+11, -8.3795e+10, -1.93726e+11
233, 8.34064e+10, 1.89141e+11, -8.34064e+10, -1.89141e+11
234, 8.30038e+10, 1.84524e+11, -8.30038e+10, -1.84524e+11
235, 8.25862e+10, 1.79872e+11, -8.25862e+10, -1.79872e+11
236, 8.21528e+10, 1.75186e+11, -8.21528e+10, -1.75186e+11
237, 8.17026e+10, 1.70463e+11, -8.17026e+10, -1.70463e+11
238, 8.12345e+10, 1.65702e+11, -8.12345e+10, -1.65702e+11
239, 8.07473e+10, 1.60901e+11, -8.07473e+10, -1.60901e+11
240, 8.02397e+10, 1.56059e+11, -8.02397e+10, -1.56059e+11
241, 7.97103e+10, 1.51173e+11, -7.97103e+10, -1.51173e+11
242, 7.91574e+10, 1.46241e+11, -7.91574e+10, -1.46241e+11
243, 7.85793e+10, 1.41261e+11, -7.85793e+10, -1.41261e+11
244, 7.7974e+10, 1.36232e+11, -7.7974e+10, -1.36232e+11
245, 7.73394e+10, 1.31149e+11, -7.73394e+10, -1.31149e+11
246, 7.66729e+10, 1.26011e+11, -7.66729e+10, -1.26011e+11
247, 7.59719e+10, 1.20814e+11, -7.59719e+10, -1.20814e+11
248, 7.52331e+10, 1.15556e+11, -7.52331e+10, -1.15556e+11
249, 7.4453e+10, 1.10231e+11, -7.4453e+10, -1.10231e+11
250, 7.36277e+10, 1.04837e+11, -7.36277e+10, -1.04837e+11
251, 7.27525e+10, 9.93696e+10, -7.27525e+10, -9.93696e+10
252, 7.18219e+10, 9.3823e+10, -7.18219e+10, -9.3823e+10
253, 7.08299e+10, 8.81925e+10, -7.08299e+10, -8.81925e+10
254, 6.97691e+10, 8.24722e+10, -6.97691e+10, -8.24722e+10
255, 6.86311e+10, 7.66556e+10, -6.86311e+10, -7.66556e+10
256, 6.74057e+10, 7.07358e+10, -6.74057e+10, -7.07358e+10
257, 6.60809e+10, 6.47049e+10, -6.60809e+10, -6.47049e+10
258, 6.46419e+10, 5.85543e+10, -6.46419e+10, -5.85543e+10
259, 6.30711e+10, 5.22746e+10, -6.30711e+10, -5.22746e+10
260, 6.13466e+10, 4.58556e+10, -6.13466e+10, -4.58556e+10
261, 5.94408e+10, 3.92864e+10, -5.94408e+10, -3.92864e+10
262, 5.73196e+10, 3.25562e+10, -5.73196e+10, -3.25562e+10
263, 5.49389e+10, 2.56545e+10, -5.49389e+10, -2.56545e+10
264, 5.22424e+10, 1.85733e+10, -5.22424e+10, -1.85733e+10
265, 4.91568e+10, 1.13105e+10, -4.91568e+10, -1.13105e+10
266, 4.55874e+10, 3.87569e+09, -4.55874e+10, -3.87569e+09
267, 4.14133e+10, -3.69825e+09, -4.14133e+10, 3.69825e+09
268, 3.64878e+10, -1.13361e+10, -3.64878e+10, 1.13361e+10
269, 3.06528e+10, -1.88927e+10, -3.06528e+10, 1.88927e+10
270, 2.37851e+10, -2.61285e+10, -2.37851e+10, 2.61285e+10
271, 1.58809e+10, -3.27254e+10, -1.58809e+10, 3.27254e+10
272, 7.12555e+09, -3.83873e+10, -7.12555e+09, 3.83873e+10
273, -2.1507e+09, -4.29758e+10, 2.1507e+09, 4.29758e+10
274, -1.16159e+10, -4.65461e+10, 1.16159e+10, 4.65461e+10
275, -2.10386e+10, -4.92649e+10, 2.10386e+10, 4.92649e+10
276, -3.02951e+10, -5.13183e+10, 3.02951e+10, 5.13183e+10
277, -3.93356e+10, -5.28657e+10, 3.93356e+10, 5.28657e+10
278, -4.81502e+10, -5.40303e+10, 4.81502e+10, 5.40303e+10
279, -5.67477e+10, -5.49033e+10, 5.67477e+10, 5.49033e+10
280, -6.51447e+10, -5.55512e+10, 6.51447e+10, 5.55512e+10
281, -7.33597e+10, -5.60231e+10, 7.33597e+10, 5.60231e+10
282, -8.14109e+10, -5.63553e+10, 8.14109e+10, 5.63553e+10
283, -8.93148e+10, -5.6575e+10, 8.93148e+10, 5.6575e+10
284, -9.70863e+10, -5.6703e+10, 9.70863e+10, 5.6703e+10
285, -1.04738e+11, -5.67555e+10, 1.04738e+11, 5.67555e+10
286, -1.12283e+11, -5.6745e+10, 1.12283e+11, 5.6745e+10
287, -1.19729e+11, -5.66815e+10, 1.19729e+11, 5.66815e+10
288, -1.27087e+11, -5.6573e+10, 1.27087e+11, 5.6573e+10
289, -1.34363e+11, -5.64261e+10, 1.34363e+11, 5.64261e+10
290, -1.41565e+11, -5.62459e+10, 1.41565e+11, 5.62459e+10
291, -1.48698e+11, -5.6037e+10, 1.48698e+11, 5.6037e+10
292, -1.55768e+11, -5.58029e+10, 1.55768e+11, 5.58029e+10
293, -1.62779e+11, -5.55468e+10, 1.62779e+11, 5.55468e+10
294, -1.69737e+11, -5.52713e+10, 1.69737e+11, 5.52713e+10
295, -1.76643e+11, -5.49785e+10, 1.76643e+11, 5.49785e+10
296, -1.83503e+11, -5.46704e+10, 1.83503e+11, 5.46704e+10
297, -1.90318e+11, -5.43486e+10, 1.90318e+11, 5.43486e+10
298, -1.97093e+11, -5.40145e+10, 1.97093e+11, 5.40145e+10
299, -2.03828e+11, -5.36693e+10, 2.03828e+11, 5.36693e+10
300, -2.10527e+11, -5.33141e+10, 2.10527e+11, 5.33141e+10
301, -2.17192e+11, -5.29499e+10, 2.17192e+11, 5.29499e+10
302, -2.23824e+11, -5.25775e+10, 2.23824e+11, 5.25775e+10
303, -2.30426e+11, -5.21976e+10, 2.30426e+11, 5.21976e+10
304, -2.36998e+11, -5.18108e+10, 2.36998e+11, 5.18108e+10
305, -2.43543e+11, -5.14178e+10, 2.43543e+11, 5.14178e+10
306, -2.50062e+11, -5.10191e+10, 2.50062e+11, 5.10191e+10
307, -2.56556e+11, -5.06151e+10, 2.56556e+11, 5.06151e+10
308, -2.63026e+11, -5.02063e+10, 2.63026e+11, 5.02063e+10
309, -2.69473e+11, -4.9793e+10, 2.69473e+11, 4.9793e+10
310, -2.75899e+11, -4.93756e+10, 2.75899e+11, 4.93756e+10
311, -2.82304e+11, -4.89543e+10, 2.82304e+11, 4.89543e+10
312, -2.88689e+11, -4.85296e+10, 2.88689e+11, 4.85296e+10
313, -2.95056e+11, -4.81015e+10, 2.95056e+11, 4.81015e+10
314, -3.01404e+11, -4.76704e+10, 3.01404e+11, 4.76704e+10
315, -3.07735e+11, -4.72364e+10, 3.07735e+11, 4.72364e+10
316, -3.14049e+11, -4.67998e+10, 3.14049e+11, 4.67998e+10
317, -3.20346e+11, -4.63607e+10, 3.20346e+11, 4.63607e+10
318, -3.26629e+11, -4.59193e+10, 3.26629e+11, 4.59193e+10
319, -3.32896e+11, -4.54758e+10, 3.32896e+11, 4.54758e+10
320, -3.3915e+11, -4.50302e+10, 3.3915e+11, 4.50302e+10
321, -3.45389e+11, -4.45827e+10, 3.45389e+11, 4.45827e+10
322, -3.51615e+11, -4.41335e+10, 3.51615e+11, 4.41335e+10
323, -3.57828e+11, -4.36826e+10, 3.57828e+11, 4.36826e+10
324, -3.64028e+11, -4.32301e+10, 3.64028e+11, 4.32301e+10
325, -3.70217e+11, -4.27762e+10, 3.70217e+11, 4.27762e+10
326, -3.76394e+11, -4.23208e+10, 3.76394e+11, 4.23208e+10
327, -3.82559e+11, -4.18642e+10, 3.82559e+11, 4.18642e+10
328, -3.88714e+11, -4.14063e+10, 3.88714e+11, 4.14063e+10
329, -3.94858e+11, -4.09473e+10, 3.94858e+11, 4.09473e+10
330, -4.00992e+11, -4.04872e+10, 4.00992e+11, 4.04872e+10
331, -4.07115e+11, -4.00261e+10, 4.07115e+11, 4.00261e+10
332, -4.13229e+11, -3.95639e+10, 4.13229e+11, 3.95639e+10
333, -4.19334e+11, -3.91009e+10, 4.19334e+11, 3.91009e+10
334, -4.2543e+11, -3.8637e+10, 4.2543e+11, 3.8637e+10
335, -4.31516e+11, -3.81722e+10, 4.31516e+11, 3.81722e+10
336, -4.37595e+11, -3.77067e+10, 4.37595e+11, 3.77067e+10
337, -4.43664e+11, -3.72404e+10, 4.43664e+11, 3.72404e+10
338, -4.49726e+11, -3.67734e+10, 4.49726e+11, 3.67734e+10
339, -4.55779e+11, -3.63058e+10, 4.55779e+11, 3.63058e+10
340, -4.61825e+11, -3.58375e+10, 4.61825e+11, 3.58375e+10
341, -4.67864e+11, -3.53687e+10, 4.67864e+11, 3.53687e+10
342, -4.73895e+11, -3.48992e+10, 4.73895e+11, 3.48992e+10
343, -4.79919e+11, -3.44292e+10, 4.79919e+11, 3.44292e+10
344, -4.85936e+11, -3.39587e+10, 4.85936e+11, 3.39587e+10
345, -4.91946e+11, -3.34878e+10, 4.91946e+11, 3.34878e+10
346, -4.97949e+11, -3.30163e+10, 4.97949e+11, 3.30163e+10
347, -5.03946e+11, -3.25444e+10, 5.03946e+11, 3.25444e+10
348, -5.09937e+11, -3.20721e+10, 5.09937e+11, 3.20721e+10
349, -5.15922e+11, -3.15994e+10, 5.15922e+11, 3.15994e+10
350, -5.219e+11, -3.11263e+10, 5.219e+11, 3.11263e+10
351, -5.27873e+11, -3.06529e+10, 5.27873e+11, 3.06529e+10
352, -5.33839e+11, -3.01791e+10, 5.33839e+11, 3.01791e+10
353, -5.39801e+11, -2.9705e+10, 5.39801e+11, 2.9705e+10
354, -5.45756e+11, -2.92305e+10, 5.45756e+11, 2.92305e+10
355, -5.51707e+11, -2.87558e+10, 5.51707e+11, 2.87558e+10
356, -5.57652e+11, -2.82808e+10, 5.57652e+11, 2.82808e+10
357, -5.63591e+11, -2.78055e+10, 5.63591e+11, 2.78055e+10
358, -5.69526e+11, -2.733e+10, 5.69526e+11, 2.733e+10
359, -5.75456e+11, -2.68542e+10, 5.75456e+11, 2.68542e+10
360, -5.81381e+11, -2.63782e+10, 5.81381e+11, 2.63782e+10
361, -5.87301e+11, -2.5902e+10, 5.87301e+11, 2.5902e+10
362, -5.93217e+11, -2.54255e+10, 5.93217e+11, 2.54255e+10
363, -5.99128e+11, -2.49489e+10, 5.99128e+11, 2.49489e+10
364, -6.05034e+11, -2.44721e+10, 6.05034e+11, 2.44721e+10
365, -6.10936e+11, -2.3995e+10, 6.10936e+11, 2.3995e+10
366, -6.16834e+11, -2.35178e+10, 6.16834e+11, 2.35178e+10
367, -6.22728e+11, -2.30405e+10, 6.22728e+11, 2.30405e+10
368, -6.28617e+11, -2.2563e+10, 6.28617e+11, 2.2563e+10
369, -6.34503e+11, -2.20853e+10, 6.34503e+11, 2.20853e+10
370, -6.40384e+11, -2.16075e+10, 6.40384e+11, 2.16075e+10
371, -6.46262e+11, -2.11295e+10, 6.46262e+11, 2.11295e+10
372, -6.52135e+11, -2.06515e+10, 6.52135e+11, 2.06515e+10
373, -6.58005e+11, -2.01733e+10, 6.58005e+11, 2.01733e+10
374, -6.63871e+11, -1.96949e+10, 6.63871e+11, 1.96949e+10
375, -6.69734e+11, -1.92165e+10, 6.69734e+11, 1.92165e+10
376, -6.75593e+11, -1.8738e+10, 6.75593e+11, 1.8738e+10
377, -6.81448e+11, -1.82593e+10, 6.81448e+11, 1.82593e+10
378, -6.873e+11, -1.77806e+10, 6.873e+11, 1.77806e+10
379, -6.93149e+11, -1.73018e+10, 6.93149e+11, 1.73018e+10
380, -6.98994e+11, -1.68229e+10, 6.98994e+11, 1.68229e+10
381, -7.04836e+11, -1.63439e+10, 7.04836e+11, 1.63439e+10
382, -7.10675e+11, -1.58648e+10, 7.10675e+11, 1.58648e+10
383, -7.16511e+11, -1.53857e+10, 7.16511e+11, 1.53857e+10
384, -7.22343e+11, -1.49065e+10, 7.22343e+11, 1.49065e+10
385, -7.28173e+11, -1.44272e+10, 7.28173e+11, 1.44272e+10
386, -7.33999e+11, -1.39479e+10, 7.33999e+11, 1.39479e+10
387, -7.39822e+11, -1.34685e+10, 7.39822e+11, 1.34685e+10
388, -7.45643e+11, -1.2989e+10, 7.45643e+11, 1.2989e+10
389, -7.5146e+11, -1.25095e+10, 7.5146e+11, 1.25095e+10
390, -7.57275e+11, -1.20299e+10, 7.57275e+11, 1.20299e+10
391, -7.63087e+11, -1.15503e+10, 7.63087e+11, 1.15503e+10
392, -7.68896e+11, -1.10707e+10, 7.68896e+11, 1.10707e+10
393, -7.74703e+11, -1.0591e+10, 7.74703e+11, 1.0591e+10
394, -7.80507e+11, -1.01113e+10, 7.80507e+11, 1.01113e+10
395, -7.86308e+11, -9.63151e+09, 7.86308e+11, 9.63151e+09
396, -7.92106e+11, -9.15171e+09, 7.92106e+11, 9.15171e+09
397, -7.97902e+11, -8.67188e+09, 7.97902e+11, 8.67188e+09
398, -8.03696e+11, -8.19203e+09, 8.03696e+11, 8.19203e+09
399, -8.09487e+11, -7.71214e+09, 8.09487e+11, 7.71214e+09
400, -8.15276e+11, -7.23223e+09, 8.15276e+11, 7.23223e+09
401, -8.21062e+11, -6.7523e+09, 8.21062e+11, 6.7523e+09
402, -8.26846e+11, -6.27235e+09, 8.26846e+11, 6.27235e+09
403, -8.32627e+11, -5.79238e+09, 8.32627e+11, 5.79238e+09
404, -8.38406e+11, -5.31239e+09, 8.38406e+11, 5.31239e+09
405, -8.44183e+11, -4.83239e+09, 8.44183e+11, 4.83239e+09
406, -8.49958e+11, -4.35237e+09, 8.49958e+11, 4.35237e+09
407, -8.5573e+11, -3.87233e+09, 8.5573e+11, 3.87233e+09
408, -8.615e+11, -3.39229e+09, 8.615e+11, 3.39229e+09
409, -8.67269e+11, -2.91224e+09, 8.67269e+11, 2.91224e+09
410, -8.73035e+11, -2.43218e+09, 8.73035e+11, 2.43218e+09
411, -8.78798e+11, -1.95211e+09, 8.78798e+11, 1.95211e+09
412, -8.8456e+11, -1.47204e+09, 8.8456e+11, 1.47204e+09
413, -8.9032e+11, -9.91958e+08, 8.9032e+11, 9.91958e+08
414, -8.96078e+11, -5.11876e+08, 8.96078e+11, 5.11876e+08
415, -9.01833e+11, -3.17918e+07, 9.01833e+11, 3.17918e+07
416, -9.07587e+11, 4.48293e+08, 9.07587e+11, -4.48293e+08
417, -9.13339e+11, 9.28379e+08, 9.13339e+11, -9.28379e+08
418, -9.19089e+11, 1.40846e+09, 9.19089e+11, -1.40846e+09
419, -9.24837e+11, 1.88855e+09, 9.24837e+11, -1.88855e+09
420, -9.30583e+11, 2.36862e+09, 9.30583e+11, -2.36862e+09
421, -9.36327e+11, 2.8487e+09, 9.36327e+11, -2.8487e+09
422, -9.4207e+11, 3.32877e+09, 9.4207e+11, -3.32877e+09
423, -9.47811e+11, 3.80884e+09, 9.47811e+11, -3.80884e+09
424, -9.5355e+11, 4.2889e+09, 9.5355e+11, -4.2889e+09
425, -9.59287e+11, 4.76895e+09, 9.59287e+11, -4.76895e+09
426, -9.65022e+11, 5.24899e+09, 9.65022e+11, -5.24899e+09
427, -9.70756e+11, 5.72903e+09, 9.70756e+11, -5.72903e+09
428, -9.76488e+11, 6.20906e+09, 9.76488e+11, -6.20906e+09
429, -9.82218e+11, 6.68907e+09, 9.82218e+11, -6.68907e+09
430, -9.87947e+11, 7.16908e+09, 9.87947e+11, -7.16908e+09
431, -9.93674e+11, 7.64907e+09, 9.93674e+11, -7.64907e+09
432, -9.99399e+11, 8.12906e+09, 9.99399e+11, -8.12906e+09
433, -1.00512e+12, 8.60903e+09, 1.00512e+12, -8.60903e+09
434, -1.01085e+12, 9.08899e+09, 1.01085e+12, -9.08899e+09
435, -1.01657e+12, 9.56893e+09, 1.01657e+12, -9.56893e+09
436, -1.02229e+12, 1.00489e+10, 1.02229e+12, -1.00489e+10
437, -1.028e+12, 1.05288e+10, 1.028e+12, -1.05288e+10
438, -1.03372e+12, 1.10087e+10, 1.03372e+12, -1.10087e+10
439, -1.03943e+12, 1.14886e+10, 1.03943e+12, -1.14886e+10
440, -1.04515e+12, 1.19684e+10, 1.04515e+12, -1.19684e+10
441, -1.05086e+12, 1.24483e+10, 1.05086e+12, -1.24483e+10
442, -1.05657e+12, 1.29281e+10, 1.05657e+12, -1.29281e+10
443, -1.06228e+12, 1.3408e+10, 1.06228e+12, -1.3408e+10
444, -1.06798e+12, 1.38878e+10, 1.06798e+12, -1.38878e+10
445, -1.07369e+12, 1.43675e+10, 1.07369e+12, -1.43675e+10
446, -1.0794e+12, 1.48473e+10, 1.0794e+12, -1.48473e+10
447, -1.0851e+12, 1.53271e+10, 1.0851e+12, -1.53271e+10
448, -1.0908e+12, 1.58068e+10, 1.0908e+12, -1.58068e+10
449, -1.0965e+12, 1.62865e+10, 1.0965e+12, -1.62865e+10
450, -1.1022e+12, 1.67662e+10, 1.1022e+12, -1.67662e+10
451, -1.1079e+12, 1.72459e+10, 1.1079e+12, -1.72459e+10
452, -1.11359e+12, 1.77255e+10, 1.11359e+12, -1.77255e+10
453, -1.11929e+12, 1.82052e+10, 1.11929e+12, -1.82052e+10
454, -1.12498e+12, 1.86848e+10, 1.12498e+12, -1.86848e+10
455, -1.13068e+12, 1.91644e+10, 1.13068e+12, -1.91644e+10
456, -1.13637e+12, 1.96439e+10, 1.13637e+12, -1.96439e+10
457, -1.14206e+12, 2.01235e+10, 1.14206e+12, -2.01235e+10
458, -1.14775e+12, 2.0603e+10, 1.14775e+12, -2.0603e+10
459, -1.15344e+12, 2.10825e+10, 1.15344e+12, -2.10825e+10
460, -1.15912e+12, 2.1562e+10, 1.15912e+12, -2.1562e+10
461, -1.16481e+12, 2.20415e+10, 1.16481e+12, -2.20415e+10
462, -1.17049e+12, 2.25209e+10, 1.17049e+12, -2.25209e+10
463, -1.17618e+12, 2.30003e+10, 1.17618e+12, -2.30003e+10
464, -1.18186e+12, 2.34797e+10, 1.18186e+12, -2.34797e+10
465, -1.18754e+12, 2.39591e+10, 1.18754e+12, -2.39591e+10
466, -1.19322e+12, 2.44385e+10, 1.19322e+12, -2.44385e+10
467, -1.1989e+12, 2.49178e+10, 1.1989e+12, -2.49178e+10
468, -1.20457e+12, 2.53971e+10, 1.20457e+12, -2.53971e+10
469, -1.21025e+12, 2.58764e+10, 1.21025e+12, -2.58764e+10
470, -1.21593e+12, 2.63557e+10, 1.21593e+12, -2.63557e+10
471, -1.2216e+12, 2.68349e+10, 1.2216e+12, -2.68349e+10
472, -1.22727e+12, 2.73141e+10, 1.22727e+12, -2.73141e+10
473, -1.23295e+12, 2.77933e+10, 1.23295e+12, -2.77933e+10
474, -1.23862e+12, 2.82725e+10, 1.23862e+12, -2.82725e+10
475, -1.24429e+12, 2.87516e+10, 1.24429e+12, -2.87516e+10
476, -1.24996e+12, 2.92308e+10, 1.24996e+12, -2.92308e+10
477, -1.25562e+12, 2.97099e+10, 1.25562e+12, -2.97099e+10
478, -1.26129e+12, 3.01889e+10, 1.26129e+12, -3.01889e+10
479, -1.26696e+12, 3.0668e+10, 1.26696e+12, -3.0668e+10
480, -1.27262e+12, 3.1147e+10, 1.27262e+12, -3.1147e+10
481, -1.27829e+12, 3.1626e+10, 1.27829e+12, -3.1626e+10
482, -1.28395e+12, 3.2105e+10, 1.28395e+12, -3.2105e+10
483, -1.28961e+12, 3.2584e+10, 1.28961e+12, -3.2584e+10
484, -1.29527e+12, 3.30629e+10, 1.29527e+12, -3.30629e+10
485, -1.30093e+12, 3.35418e+10, 1.30093e+12, -3.35418e+10
486, -1.30659e+12, 3.40207e+10, 1.30659e+12, -3.40207e+10
487, -1.31225e+12, 3.44996e+10, 1.31225e+12, -3.44996e+10
488, -1.31791e+12, 3.49784e+10, 1.31791e+12, -3.49784e+10
489, -1.32356e+12, 3.54572e+10, 1.32356e+12, -3.54572e+10
490, -1.32922e+12, 3.5936e+10, 1.32922e+12, -3.5936e+10
491, -1.33487e+12, 3.64148e+10, 1.33487e+12, -3.64148e+10
492, -1.34053e+12, 3.68935e+10, 1.34053e+12, -3.68935e+10
493, -1.34618e+12, 3.73722e+10, 1.34618e+12, -3.73722e+10
494, -1.35183e+12, 3.78509e+10, 1.35183e+12, -3.78509e+10
495, -1.35748e+12, 3.83296e+10, 1.35748e+12, -3.83296e+10
496, -1.36313e+12, 3.88083e+10, 1.36313e+12, -3.88083e+10
497, -1.36878e+12, 3.92869e+10, 1.36878e+12, -3.92869e+10
498, -1.37443e+12, 3.97655e+10, 1.37443e+12, -3.97655e+10
499, -1.38008e+12, 4.0244e+10, 1.38008e+12, -4.0244e+10
500, -1.38573e+12, 4.07226e+10, 1.38573e+12, -4.07226e+10
501, -1.39137e+12, 4.12011e+10, 1.39137e+12, -4.12011e+10
502, -1.39702e+12, 4.16796e+10, 1.39702e+12, -4.16796e+10
503, -1.40266e+12, 4.21581e+10, 1.40266e+12, -4.21581e+10
504, -1.4083e+12, 4.26365e+10, 1.4083e+12, -4.26365e+10
505, -1.41395e+12, 4.3115e+10, 1.41395e+12, -4.3115e+10
506, -1.41959e+12, 4.35934e+10, 1.41959e+12, -4.35934e+10
507, -1.42523e+12, 4.40718e+10, 1.42523e+12, -4.40718e+10
508, -1.43087e+12, 4.45501e+10, 1.43087e+12, -4.45501e+10
509, -1.43651e+12, 4.50284e+10, 1.43651e+12, -4.50284e+10
510, -1.44215e+12, 4.55068e+10, 1.44215e+12, -4.55068e+10
511, -1.44779e+12, 4.5985e+10, 1.44779e+12, -4.5985e+10
512, -1.45343e+12, 4.64633e+10, 1.45343e+12, -4.64633e+10
513, -1.45906e+12, 4.69415e+10, 1.45906e+12, -4.69415e+10
514, -1.4647e+12, 4.74197e+10, 1.4647e+12, -4.74197e+10
515, -1.47033e+12, 4.78979e+10, 1.47033e+12, -4.78979e+10
516, -1.47597e+12, 4.83761e+10, 1.47597e+12, -4.83761e+10
517, -1.4816e+12, 4.88542e+10, 1.4816e+12, -4.88542e+10
518, -1.48723e+12, 4.93324e+10, 1.48723e+12, -4.93324e+10
519, -1.49287e+12, 4.98105e+10, 1.49287e+12, -4.98105e+10
520, -1.4985e+12, 5.02885e+10, 1.4985e+12, -5.02885e+10
521, -1.50413e+12, 5.07666e+10, 1.50413e+12, -5.07666e+10
522, -1.50976e+12, 5.12446e+10, 1.50976e+12, -5.12446e+10
523, -1.51539e+12, 5.17226e+10, 1.51539e+12, -5.17226e+10
524, -1.52102e+12, 5.22006e+10, 1.52102e+12, -5.22006e+10
525, -1.52664e+12, 5.26785e+10, 1.52664e+12, -5.26785e+10
526, -1.53227e+12, 5.31565e+10, 1.53227e+12, -5.31565e+10
527, -1.5379e+12, 5.36344e+10, 1.5379e+12, -5.36344e+10
528, -1.54352e+12, 5.41122e+10, 1.54352e+12, -5.41122e+10
529, -1.54915e+12, 5.45901e+10, 1.54915e+12, -5.45901e+10
530, -1.55477e+12, 5.50679e+10, 1.55477e+12, -5.50679e+10
531, -1.5604e+12, 5.55457e+10, 1.5604e+12, -5.55457e+10
532, -1.56602e+12, 5.60235e+10, 1.56602e+12, -5.60235e+10
533, -1.57164e+12, 5.65013e+10, 1.57164e+12, -5.65013e+10
534, -1.57727e+12, 5.69791e+10, 1.57727e+12, -5.69791e+10
535, -1.58289e+12, 5.74568e+10, 1.58289e+12, -5.74568e+10
536, -1.58851e+12, 5.79345e+10, 1.58851e+12, -5.79345e+10
537, -1.59413e+12, 5.84121e+10, 1.59413e+12, -5.84121e+10
538, -1.59975e+12, 5.88898e+10, 1.59975e+12, -5.88898e+10
539, -1.60537e+12, 5.93674e+10, 1.60537e+12, -5.93674e+10
540, -1.61099e+12, 5.9845e+10, 1.61099e+12, -5.9845e+10
541, -1.6166e+12, 6.03226e+10, 1.6166e+12, -6.03226e+10
542, -1.62222e+12, 6.08002e+10, 1.62222e+12, -6.08002e+10
543, -1.62784e+12, 6.12777e+10, 1.62784e+12, -6.12777e+10
544, -1.63345e+12, 6.17552e+10, 1.63345e+12, -6.17552e+10
545, -1.63907e+12, 6.22327e+10, 1.63907e+12, -6.22327e+10
546, -1.64468e+12, 6.27102e+10, 1.64468e+12, -6.27102e+10
547, -1.6503e+12, 6.31877e+10, 1.6503e+12, -6.31877e+10
548, -1.65591e+12, 6.36651e+10, 1.65591e+12, -6.36651e+10
549, -1.66152e+12, 6.41425e+10, 1.66152e+12, -6.41425e+10
550, -1.66714e+12, 6.46199e+10, 1.66714e+12, -6.46199e+10
551, -1.67275e+12, 6.50972e+10, 1.67275e+12, -6.50972e+10
552, -1.67836e+12, 6.55746e+10, 1.67836e+12, -6.55746e+10
553, -1.68397e+12, 6.60519e+10, 1.68397e+12, -6.60519e+10
554, -1.68958e+12, 6.65292e+10, 1.68958e+12, -6.65292e+10
555, -1.69519e+12, 6.70065e+10, 1.69519e+12, -6.70065e+10
556, -1.7008e+12, 6.74837e+10, 1.7008e+12, -6.74837e+10
557, -1.70641e+12, 6.79609e+10, 1.70641e+12, -6.79609e+10
558, -1.71201e+12, 6.84382e+10, 1.71201e+12, -6.84382e+10
559, -1.71762e+12, 6.89153e+10, 1.71762e+12, -6.89153e+10
560, -1.72323e+12, 6.93925e+10, 1.72323e+12, -6.93925e+10
561, -1.72884e+12, 6.98697e+10, 1.72884e+12, -6.98697e+10
562, -1.73444e+12, 7.03468e+10, 1.73444e+12, -7.03468e+10
563, -1.74005e+12, 7.08239e+10, 1.74005e+12, -7.08239e+10
564, -1.74565e+12, 7.1301e+10, 1.74565e+12, -7.1301e+10
565, -1.75126e+12, 7.1778e+10, 1.75126e+12, -7.1778e+10
566, -1.75686e+12, 7.22551e+10, 1.75686e+12, -7.22551e+10
567, -1.76246e+12, 7.27321e+10, 1.76246e+12, -7.27321e+10
568, -1.76806e+12, 7.32091e+10, 1.76806e+12, -7.32091e+10
569, -1.77367e+12, 7.3686e+10, 1.77367e+12, -7.3686e+10
570, -1.77927e+12, 7.4163e+10, 1.77927e+12, -7.4163e+10
571, -1.78487e+12, 7.46399e+10, 1.78487e+12, -7.46399e+10
572, -1.79047e+12, 7.51169e+10, 1.79047e+12, -7.51169e+10
573, -1.79607e+12, 7.55937e+10, 1.79607e+12, -7.55937e+10
574, -1.80167e+12, 7.60706e+10, 1.80167e+12, -7.60706e+10
575, -1.80727e+12, 7.65475e+10, 1.80727e+12, -7.65475e+10
576, -1.81287e+12, 7.70243e+10, 1.81287e+12, -7.70243e+10
577, -1.81847e+12, 7.75011e+10, 1.81847e+12, -7.75011e+10
578, -1.82406e+12, 7.79779e+10, 1.82406e+12, -7.79779e+10
579, -1.82966e+12, 7.84547e+10, 1.82966e+12, -7.84547e+10
580, -1.83526e+12, 7.89314e+10, 1.83526e+12, -7.89314e+10
581, -1.84085e+12, 7.94081e+10, 1.84085e+12, -7.94081e+10
582, -1.84645e+12, 7.98849e+10, 1.84645e+12, -7.98849e+10
583, -1.85205e+12, 8.03615e+10, 1.85205e+12, -8.03615e+10
584, -1.85764e+12, 8.08382e+10, 1.85764e+12, -8.08382e+10
585, -1.86324e+12, 8.13149e+10, 1.86324e+12, -8.13149e+10
586, -1.86883e+12, 8.17915e+10, 1.86883e+12, -8.17915e+10
587, -1.87442e+12, 8.22681e+10, 1.87442e+12, -8.22681e+10
588, -1.88002e+12, 8.27447e+10, 1.88002e+12, -8.27447e+10
589, -1.88561e+12, 8.32213e+10, 1.88561e+12, -8.32213e+10
590, -1.8912e+12, 8.36978e+10, 1.8912e+12, -8.36978e+10
591, -1.89679e+12, 8.41744e+10, 1.89679e+12, -8.41744e+10
592, -1.90238e+12, 8.46509e+10, 1.90238e+12, -8.46509e+10
593, -1.90797e+12, 8.51274e+10, 1.90797e+12, -8.51274e+10
594, -1.91357e+12, 8.56038e+10, 1.91357e+12, -8.56038e+10
595, -1.91916e+12, 8.60803e+10, 1.91916e+12, -8.60803e+10
596, -1.92474e+12, 8.65567e+10, 1.92474e+12, -8.65567e+10
597, -1.93033e+12, 8.70331e+10, 1.93033e+12, -8.70331e+10
598, -1.93592e+12, 8.75095e+10, 1.93592e+12, -8.75095e+10
599, -1.94151e+12, 8.79859e+10, 1.94151e+12, -8.79859e+10
600, -1.9471e+12, 8.84623e+10, 1.9471e+12, -8.84623e+10
601, -1.95269e+12, 8.89386e+10, 1.95269e+12, -8.89386e+10
602, -1.95827e+12, 8.94149e+10, 1.95827e+12, -8.94149e+10
603, -1.96386e+12, 8.98912e+10, 1.96386e+12, -8.98912e+10
604, -1.96945e+12, 9.03675e+10, 1.96945e+12, -9.03675e+10
605, -1.97503e+12, 9.08438e+10, 1.97503e+12, -9.08438e+10
606, -1.98062e+12, 9.132e+10, 1.98062e+12, -9.132e+10
607, -1.9862e+12, 9.17962e+10, 1.9862e+12, -9.17962e+10
608, -1.99179e+12, 9.22725e+10, 1.99179e+12, -9.22725e+10
609, -1.99737e+12, 9.27486e+10, 1.99737e+12, -9.27486e+10
610, -2.00296e+12, 9.32248e+10, 2.00296e+12, -9.32248e+10
611, -2.00854e+12, 9.3701e+10, 2.00854e+12, -9.3701e+10
612, -2.01412e+12, 9.41771e+10, 2.01412e+12, -9.41771e+10
613, -2.0197e+12, 9.46532e+10, 2.0197e+12, -9.46532e+10
614, -2.02529e+12, 9.51293e+10, 2.02529e+12, -9.51293e+10
615, -2.03087e+12, 9.56054e+10, 2.03087e+12, -9.56054e+10
616, -2.03645e+12, 9.60815e+10, 2.03645e+12, -9.60815e+10
617, -2.04203e+12, 9.65575e+10, 2.04203e+12, -9.65575e+10
618, -2.04761e+12, 9.70335e+10, 2.04761e+12, -9.70335e+10
619, -2.05319e+12, 9.75095e+10, 2.05319e+12, -9.75095e+10
620, -2.05877e+12, 9.79855e+10, 2.05877e+12, -9.79855e+10
621, -2.06435e+12, 9.84615e+10, 2.06435e+12, -9.84615e+10
622, -2.06993e+12, 9.89375e+10, 2.06993e+12, -9.89375e+10
623, -2.07551e+12, 9.94134e+10, 2.07551e+12, -9.94134e+10
624, -2.08109e+12, 9.98893e+10, 2.08109e+12, -9.98893e+10
625, -2.08667e+12, 1.00365e+11, 2.08667e+12, -1.00365e+11
626, -2.09224e+12, 1.00841e+11, 2.09224e+12, -1.00841e+11
627, -2.09782e+12, 1.01317e+11, 2.09782e+12, -1.01317e+11
628, -2.1034e+12, 1.01793e+11, 2.1034e+12, -1.01793e+11
629, -2.10898e+12, 1.02269e+11, 2.10898e+12, -1.02269e+11
630, -2.11455e+12, 1.02744e+11, 2.11455e+12, -1.02744e+11
631, -2.12013e+12, 1.0322e+11, 2.12013e+12, -1.0322e+11
632, -2.1257e+12, 1.03696e+11, 2.1257e+12, -1.03696e+11
633, -2.13128e+12, 1.04172e+11, 2.13128e+12, -1.04172e+11
634, -2.13685e+12, 1.04648e+11, 2.13685e+12, -1.04648e+11
635, -2.14243e+12, 1.05123e+11, 2.14243e+12, -1.05123e+11
636, -2.148e+12, 1.05599e+11, 2.148e+12, -1.05599e+11
637, -2.15358e+12, 1.06075e+11, 2.15358e+12, -1.06075e+11
638, -2.15915e+12, 1.0655e+11, 2.15915e+12, -1.0655e+11
639, -2.16472e+12, 1.07026e+11, 2.16472e+12, -1.07026e+11
640, -2.1703e+12, 1.07502e+11, 2.1703e+12, -1.07502e+11
641, -2.17587e+12, 1.07977e+11, 2.17587e+12, -1.07977e+11
642, -2.18144e+12, 1.08453e+11, 2.18144e+12, -1.08453e+11
643, -2.18701e+12, 1.08929e+11, 2.18701e+12, -1.08929e+11
644, -2.19258e+12, 1.09404e+11, 2.19258e+12, -1.09404e+11
645, -2.19816e+12, 1.0988e+11, 2.19816e+12, -1.0988e+11
646, -2.20373e+12, 1.10355e+11, 2.20373e+12, -1.10355e+11
647, -2.2093e+12, 1.10831e+11, 2.2093e+12, -1.10831e+11
648, -2.21487e+12, 1.11306e+11, 2.21487e+12, -1.11306e+11
649, -2.22044e+12, 1.11782e+11, 2.22044e+12, -1.11782e+11
650, -2.22601e+12, 1.12257e+11, 2.22601e+12, -1.12257e+11
651, -2.23158e+12, 1.12733e+11, 2.23158e+12, -1.12733e+11
652, -2.23715e+12, 1.13208e+11, 2.23715e+12, -1.13208e+11
653, -2.24271e+12, 1.13684e+11, 2.24271e+12, -1.13684e+11
654, -2.24828e+12, 1.14159e+11, 2.24828e+12, -1.14159e+11
655, -2.25385e+12, 1.14634e+11, 2.25385e+12, -1.14634e+11
656, -2.25942e+12, 1.1511e+11, 2.25942e+12, -1.1511e+11
657, -2.26499e+12, 1.15585e+11, 2.26499e+12, -1.15585e+11
658, -2.27055e+12, 1.16061e+11, 2.27055e+12, -1.16061e+11
659, -2.27612e+12, 1.16536e+11, 2.27612e+12, -1.16536e+11
660, -2.28169e+12, 1.17011e+11, 2.28169e+12, -1.17011e+11
661, -2.28725e+12, 1.17487e+11, 2.28725e+12, -1.17487e+11
662, -2.29282e+12, 1.17962e+11, 2.29282e+12, -1.17962e+11
663, -2.29838e+12, 1.18437e+11, 2.29838e+12, -1.18437e+11
664, -2.30395e+12, 1.18912e+11, 2.30395e+12, -1.18912e+11
665, -2.30951e+12, 1.19388e+11, 2.30951e+12, -1.19388e+11
666, -2.31508e+12, 1.19863e+11, 2.31508e+12, -1.19863e+11
667, -2.32064e+12, 1.20338e+11, 2.32064e+12, -1.20338e+11
668, -2.32621e+12, 1.20813e+11, 2.32621e+12, -1.20813e+11
669, -2.33177e+12, 1.21289e+11, 2.33177e+12, -1.21289e+11
670, -2.33733e+12, 1.21764e+11, 2.33733e+12, -1.21764e+11
671, -2.3429e+12, 1.22239e+11, 2.3429e+12, -1.22239e+11
672, -2.34846e+12, 1.22714e+11, 2.34846e+12, -1.22714e+11
673, -2.35402e+12, 1.23189e+11, 2.35402e+12, -1.23189e+11
674, -2.35959e+12, 1.23664e+11, 2.35959e+12, -1.23664e+11
675, -2.36515e+12, 1.24139e+11, 2.36515e+12, -1.24139e+11
676, -2.37071e+12, 1.24614e+11, 2.37071e+12, -1.24614e+11
677, -2.37627e+12, 1.25089e+11, 2.37627e+12, -1.25089e+11
678, -2.38183e+12, 1.25565e+11, 2.38183e+12, -1.25565e+11
679, -2.38739e+12, 1.2604e+11, 2.38739e+12, -1.2604e+11
680, -2.39295e+12, 1.26515e+11, 2.39295e+12, -1.26515e+11
681, -2.39851e+12, 1.2699e+11, 2.39851e+12, -1.2699e+11
682, -2.40407e+12, 1.27465e+11, 2.40407e+12, -1.27465e+11
683, -2.40963e+12, 1.2794e+11, 2.40963e+12, -1.2794e+11
684, -2.41519e+12, 1.28415e+11, 2.41519e+12, -1.28415e+11
685, -2.42075e+12, 1.28889e+11, 2.42075e+12, -1.28889e+11
686, -2.42631e+12, 1.29364e+11, 2.42631e+12, -1.29364e+11
687, -2.43187e+12, 1.29839e+11, 2.43187e+12, -1.29839e+11
688, -2.43743e+12, 1.30314e+11, 2.43743e+12, -1.30314e+11
689, -2.44299e+12, 1.30789e+11, 2.44299e+12, -1.30789e+11
690, -2.44855e+12, 1.31264e+11, 2.44855e+12, -1.31264e+11
691, -2.4541e+12, 1.31739e+11, 2.4541e+12, -1.31739e+11
692, -2.45966e+12, 1.32214e+11, 2.45966e+12, -1.32214e+11
693, -2.46522e+12, 1.32689e+11, 2.46522e+12, -1.32689e+11
694, -2.47078e+12, 1.33163e+11, 2.47078e+12, -1.33163e+11
695, -2.47633e+12, 1.33638e+11, 2.47633e+12, -1.33638e+11
696, -2.48189e+12, 1.34113e+11, 2.48189e+12, -1.34113e+11
697, -2.48744e+12, 1.34588e+11, 2.48744e+12, -1.34588e+11
698, -2.493e+12, 1.35063e+11, 2.493e+12, -1.35063e+11
699, -2.49856e+12, 1.35537e+11, 2.49856e+12, -1.35537e+11
700, -2.50411e+12, 1.36012e+11, 2.50411e+12, -1.36012e+11
701, -2.50967e+12, 1.36487e+11, 2.50967e+12, -1.36487e+11
702, -2.51522e+12, 1.36962e+11, 2.51522e+12, -1.36962e+11
703, -2.52078e+12, 1.37436e+11, 2.52078e+12, -1.37436e+11
704, -2.52633e+12, 1.37911e+11, 2.52633e+12, -1.37911e+11
705, -2.53188e+12, 1.38386e+11, 2.53188e+12, -1.38386e+11
706, -2.53744e+12, 1.3886e+11, 2.53744e+12, -1.3886e+11
707, -2.54299e+12, 1.39335e+11, 2.54299e+12, -1.39335e+11
708, -2.54855e+12, 1.3981e+11, 2.54855e+12, -1.3981e+11
709, -2.5541e+12, 1.40284e+11, 2.5541e+12, -1.40284e+11
710, -2.55965e+12, 1.40759e+11, 2.55965e+12, -1.40759e+11
711, -2.5652e+12, 1.41233e+11, 2.5652e+12, -1.41233e+11
712, -2.57076e+12, 1.41708e+11, 2.57076e+12, -1.41708e+11
713, -2.57631e+12, 1.42183e+11, 2.57631e+12, -1.42183e+11
714, -2.58186e+12, 1.42657e+11, 2.58186e+12, -1.42657e+11
715, -2.58741e+12, 1.43132e+11, 2.58741e+12, -1.43132e+11
716, -2.59296e+12, 1.43606e+11, 2.59296e+12, -1.43606e+11
717, -2.59852e+12, 1.44081e+11, 2.59852e+12, -1.44081e+11
718, -2.60407e+12, 1.44555e+11, 2.60407e+12, -1.44555e+11
719, -2.60962e+12, 1.4503e+11, 2.60962e+12, -1.4503e+11
720, -2.61517e+12, 1.45504e+11, 2.61517e+12, -1.45504e+11
721, -2.62072e+12, 1.45979e+11, 2.62072e+12, -1.45979e+11
722, -2.62627e+12, 1.46453e+11, 2.62627e+12, -1.46453e+11
723, -2.63182e+12, 1.46927e+11, 2.63182e+12, -1.46927e+11
724, -2.63737e+12, 1.47402e+11, 2.63737e+12, -1.47402e+11
725, -2.64292e+12, 1.47876e+11, 2.64292e+12, -1.47876e+11
726, -2.64847e+12, 1.48351e+11, 2.64847e+12, -1.48351e+11
727, -2.65402e+12, 1.48825e+11, 2.65402e+12, -1.48825e+11
728, -2.65956e+12, 1.49299e+11, 2.65956e+12, -1.49299e+11
729, -2.66511e+12, 1.49774e+11, 2.66511e+12, -1.49774e+11
730, -2.67066e+12, 1.50248e+11, 2.67066e+12, -1.50248e+11
731, -2.67621e+12, 1.50723e+11, 2.67621e+12, -1.50723e+11
732, -2.68176e+12, 1.51197e+11, 2.68176e+12, -1.51197e+11
733, -2.68731e+12, 1.51671e+11, 2.68731e+12, -1.51671e+11
734, -2.69285e+12, 1.52145e+11, 2.69285e+12, -1.52145e+11
735, -2.6984e+12, 1.5262e+11, 2.6984e+12, -1.5262e+11
736, -2.70395e+12, 1.53094e+11, 2.70395e+12, -1.53094e+11
737, -2.70949e+12, 1.53568e+11, 2.70949e+12, -1.53568e+11
738, -2.71504e+12, 1.54043e+11, 2.71504e+12, -1.54043e+11
739, -2.72059e+12, 1.54517e+11, 2.72059e+12, -1.54517e+11
740, -2.72613e+12, 1.54991e+11, 2.72613e+12, -1.54991e+11
741, -2.73168e+12, 1.55465e+11, 2.73168e+12, -1.55465e+11
742, -2.73722e+12, 1.55939e+11, 2.73722e+12, -1.55939e+11
743, -2.74277e+12, 1.56414e+11, 2.74277e+12, -1.56414e+11
744, -2.74832e+12, 1.56888e+11, 2.74832e+12, -1.56888e+11
745, -2.75386e+12, 1.57362e+11, 2.75386e+12, -1.57362e+11
746, -2.75941e+12, 1.57836e+11, 2.75941e+12, -1.57836e+11
747, -2.76495e+12, 1.5831e+11, 2.76495e+12, -1.5831e+11
748, -2.77049e+12, 1.58784e+11, 2.77049e+12, -1.58784e+11
749, -2.77604e+12, 1.59259e+11, 2.77604e+12, -1.59259e+11
750, -2.78158e+12, 1.59733e+11, 2.78158e+12, -1.59733e+11
751, -2.78713e+12, 1.60207e+11, 2.78713e+12, -1.60207e+11
752, -2.79267e+12, 1.60681e+11, 2.79267e+12, -1.60681e+11
753, -2.79821e+12, 1.61155e+11, 2.79821e+12, -1.61155e+11
754, -2.80376e+12, 1.61629e+11, 2.80376e+12, -1.61629e+11
755, -2.8093e+12, 1.62103e+11, 2.8093e+12, -1.62103e+11
756, -2.81484e+12, 1.62577e+11, 2.81484e+12, -1.62577e+11
757, -2.82039e+12, 1.63051e+11, 2.82039e+12, -1.63051e+11
758, -2.82593e+12, 1.63525e+11, 2.82593e+12, -1.63525e+11
759, -2.83147e+12, 1.63999e+11, 2.83147e+12, -1.63999e+11
760, -2.83701e+12, 1.64473e+11, 2.83701e+12, -1.64473e+11
761, -2.84255e+12, 1.64947e+11, 2.84255e+12, -1.64947e+11
762, -2.8481e+12, 1.65421e+11, 2.8481e+12, -1.65421e+11
763, -2.85364e+12, 1.65895e+11, 2.85364e+12, -1.65895e+11
764, -2.85918e+12, 1.66369e+11, 2.85918e+12, -1.66369e+11
765, -2.86472e+12, 1.66843e+11, 2.86472e+12, -1.66843e+11
766, -2.87026e+12, 1.67317e+11, 2.87026e+12, -1.67317e+11
767, -2.8758e+12, 1.67791e+11, 2.8758e+12, -1.67791e+11
768, -2.88134e+12, 1.68265e+11, 2.88134e+12, -1.68265e+11
769, -2.88688e+12, 1.68739e+11, 2.88688e+12, -1.68739e+11
770, -2.89242e+12, 1.69212e+11, 2.89242e+12, -1.69212e+11
771, -2.89796e+12, 1.69686e+11, 2.89796e+12, -1.69686e+11
772, -2.9035e+12, 1.7016e+11, 2.9035e+12, -1.7016e+11
773, -2.90904e+12, 1.70634e+11, 2.90904e+12, -1.70634e+11
774, -2.91458e+12, 1.71108e+11, 2.91458e+12, -1.71108e+11
775, -2.92012e+12, 1.71582e+11, 2.92012e+12, -1.71582e+11
776, -2.92566e+12, 1.72055e+11, 2.92566e+12, -1.72055e+11
777, -2.9312e+12, 1.72529e+11, 2.9312e+12, -1.72529e+11
778, -2.93674e+12, 1.73003e+11, 2.93674e+12, -1.73003e+11
779, -2.94227e+12, 1.73477e+11, 2.94227e+12, -1.73477e+11
780, -2.94781e+12, 1.73951e+11, 2.94781e+12, -1.73951e+11
781, -2.95335e+12, 1.74424e+11, 2.95335e+12, -1.74424e+11
782, -2.95889e+12, 1.74898e+11, 2.95889e+12, -1.74898e+11
783, -2.96443e+12, 1.75372e+11, 2.96443e+12, -1.75372e+11
784, -2.96996e+12, 1.75846e+11, 2.96996e+12, -1.75846e+11
785, -2.9755e+12, 1.76319e+11, 2.9755e+12, -1.76319e+11
786, -2.98104e+12, 1.76793e+11, 2.98104e+12, -1.76793e+11
787, -2.98658e+12, 1.77267e+11, 2.98658e+12, -1.77267e+11
788, -2.99211e+12, 1.7774e+11, 2.99211e+12, -1.7774e+11
789, -2.99765e+12, 1.78214e+11, 2.99765e+12, -1.78214e+11
790, -3.00319e+12, 1.78688e+11, 3.00319e+12, -1.78688e+11
791, -3.00872e+12, 1.79161e+11, 3.00872e+12, -1.79161e+11
792, -3.01426e+12, 1.79635e+11, 3.01426e+12, -1.79635e+11
793, -3.01979e+12, 1.80109e+11, 3.01979e+12, -1.80109e+11
794, -3.02533e+12, 1.80582e+11, 3.02533e+12, -1.80582e+11
795, -3.03087e+12, 1.81056e+11, 3.03087e+12, -1.81056e+11
796, -3.0364e+12, 1.8153e+11, 3.0364e+12, -1.8153e+11
797, -3.04194e+12, 1.82003e+11, 3.04194e+12, -1.82003e+11
798, -3.04747e+12, 1.82477e+11, 3.04747e+12, -1.82477e+11
799, -3.05301e+12, 1.8295e+11, 3.05301e+12, -1.8295e+11
800, -3.05854e+12, 1.83424e+11, 3.05854e+12, -1.83424e+11
801, -3.06408e+12, 1.83897e+11, 3.06408e+12, -1.83897e+11
802, -3.06961e+12, 1.84371e+11, 3.06961e+12, -1.84371e+11
803, -3.07514e+12, 1.84845e+11, 3.07514e+12, -1.84845e+11
804, -3.08068e+12, 1.85318e+11, 3.08068e+12, -1.85318e+11
805, -3.08621e+12, 1.85792e+11, 3.08621e+12, -1.85792e+11
806, -3.09175e+12, 1.86265e+11, 3.09175e+12, -1.86265e+11
807, -3.09728e+12, 1.86739e+11, 3.09728e+12, -1.86739e+11
808, -3.10281e+12, 1.87212e+11, 3.10281e+12, -1.87212e+11
809, -3.10835e+12, 1.87686e+11, 3.10835e+12, -1.87686e+11
810, -3.11388e+12, 1.88159e+11, 3.11388e+12, -1.88159e+11
811, -3.11941e+12, 1.88632e+11, 3.11941e+12, -1.88632e+11
812, -3.12495e+12, 1.89106e+11, 3.12495e+12, -1.89106e+11
813, -3.13048e+12, 1.89579e+11, 3.13048e+12, -1.89579e+11
814, -3.13601e+12, 1.90053e+11, 3.13601e+12, -1.90053e+11
815, -3.14154e+12, 1.90526e+11, 3.14154e+12, -1.90526e+11
816, -3.14708e+12, 1.91e+11, 3.14708e+12, -1.91e+11
817, -3.15261e+12, 1.91473e+11, 3.15261e+12, -1.91473e+11
818, -3.15814e+12, 1.91946e+11, 3.15814e+12, -1.91946e+11
819, -3.16367e+12, 1.9242e+11, 3.16367e+12, -1.9242e+11
820, -3.1692e+12, 1.92893e+11, 3.1692e+12, -1.92893e+11
821, -3.17473e+12, 1.93366e+11, 3.17473e+12, -1.93366e+11
822, -3.18026e+12, 1.9384e+11, 3.18026e+12, -1.9384e+11
823, -3.1858e+12, 1.94313e+11, 3.1858e+12, -1.94313e+11
824, -3.19133e+12, 1.94786e+11, 3.19133e+12, -1.94786e+11
825, -3.19686e+12, 1.9526e+11, 3.19686e+12, -1.9526e+11
826, -3.20239e+12, 1.95733e+11, 3.20239e+12, -1.95733e+11
827, -3.20792e+12, 1.96206e+11, 3.20792e+12, -1.96206e+11
828, -3.21345e+12, 1.9668e+11, 3.21345e+12, -1.9668e+11
829, -3.21898e+12, 1.97153e+11, 3.21898e+12, -1.97153e+11
830, -3.22451e+12, 1.97626e+11, 3.22451e+12, -1.97626e+11
831, -3.23004e+12, 1.981e+11, 3.23004e+12, -1.981e+11
832, -3.23557e+12, 1.98573e+11, 3.23557e+12, -1.98573e+11
833, -3.2411e+12, 1.99046e+11, 3.2411e+12, -1.99046e+11
834, -3.24663e+12, 1.99519e+11, 3.24663e+12, -1.99519e+11
835, -3.25216e+12, 1.99992e+11, 3.25216e+12, -1.99992e+11
836, -3.25769e+12, 2.00466e+11, 3.25769e+12, -2.00466e+11
837, -3.26321e+12, 2.00939e+11, 3.26321e+12, -2.00939e+11
838, -3.26874e+12, 2.01412e+11, 3.26874e+12, -2.01412e+11
839, -3.27427e+12, 2.01885e+11, 3.27427e+12, -2.01885e+11
840, -3.2798e+12, 2.02359e+11, 3.2798e+12, -2.02359e+11
841, -3.28533e+12, 2.02832e+11, 3.28533e+12, -2.02832e+11
842, -3.29086e+12, 2.03305e+11, 3.29086e+12, -2.03305e+11
843, -3.29638e+12, 2.03778e+11, 3.29638e+12, -2.03778e+11
844, -3.30191e+12, 2.04251e+11, 3.30191e+12, -2.04251e+11
845, -3.30744e+12, 2.04724e+11, 3.30744e+12, -2.04724e+11
846, -3.31297e+12, 2.05197e+11, 3.31297e+12, -2.05197e+11
847, -3.3185e+12, 2.05671e+11, 3.3185e+12, -2.05671e+11
848, -3.32402e+12, 2.06144e+11, 3.32402e+12, -2.06144e+11
849, -3.32955e+12, 2.06617e+11, 3.32955e+12, -2.06617e+11
850, -3.33508e+12, 2.0709e+11, 3.33508e+12, -2.0709e+11
851, -3.3406e+12, 2.07563e+11, 3.3406e+12, -2.07563e+11
852, -3.34613e+12, 2.08036e+11, 3.34613e+12, -2.08036e+11
853, -3.35166e+12, 2.08509e+11, 3.35166e+12, -2.08509e+11
854, -3.35718e+12, 2.08982e+11, 3.35718e+12, -2.08982e+11
855, -3.36271e+12, 2.09455e+11, 3.36271e+12, -2.09455e+11
856, -3.36824e+12, 2.09928e+11, 3.36824e+12, -2.09928e+11
857, -3.37376e+12, 2.10401e+11, 3.37376e+12, -2.10401e+11
858, -3.37929e+12, 2.10874e+11, 3.37929e+12, -2.10874e+11
859, -3.38481e+12, 2.11347e+11, 3.38481e+12, -2.11347e+11
860, -3.39034e+12, 2.1182e+11, 3.39034e+12, -2.1182e+11
861, -3.39587e+12, 2.12293e+11, 3.39587e+12, -2.12293e+11
862, -3.40139e+12, 2.12766e+11, 3.40139e+12, -2.12766e+11
863, -3.40692e+12, 2.13239e+11, 3.40692e+12, -2.13239e+11
864, -3.41244e+12, 2.13712e+11, 3.41244e+12, -2.13712e+11
865, -3.41797e+12, 2.14185e+11, 3.41797e+12, -2.14185e+11
866, -3.42349e+12, 2.14658e+11, 3.42349e+12, -2.14658e+11
867, -3.42902e+12, 2.15131e+11, 3.42902e+12, -2.15131e+11
868, -3.43454e+12, 2.15604e+11, 3.43454e+12, -2.15604e+11
869, -3.44006e+12, 2.16077e+11, 3.44006e+12, -2.16077e+11
870, -3.44559e+12, 2.1655e+11, 3.44559e+12, -2.1655e+11
871, -3.45111e+12, 2.17023e+11, 3.45111e+12, -2.17023e+11
872, -3.45664e+12, 2.17496e+11, 3.45664e+12, -2.17496e+11
873, -3.46216e+12, 2.17969e+11, 3.46216e+12, -2.17969e+11
874, -3.46768e+12, 2.18441e+11, 3.46768e+12, -2.18441e+11
875, -3.47321e+12, 2.18914e+11, 3.47321e+12, -2.18914e+11
876, -3.47873e+12, 2.19387e+11, 3.47873e+12, -2.19387e+11
877, -3.48426e+12, 2.1986e+11, 3.48426e+12, -2.1986e+11
878, -3.48978e+12, 2.20333e+11, 3.48978e+12, -2.20333e+11
879, -3.4953e+12, 2.20806e+11, 3.4953e+12, -2.20806e+11
880, -3.50082e+12, 2.21279e+11, 3.50082e+12, -2.21279e+11
881, -3.50635e+12, 2.21751e+11, 3.50635e+12, -2.21751e+11
882, -3.51187e+12, 2.22224e+11, 3.51187e+12, -2.22224e+11
883, -3.51739e+12, 2.22697e+11, 3.51739e+12, -2.22697e+11
884, -3.52292e+12, 2.2317e+11, 3.52292e+12, -2.2317e+11
885, -3.52844e+12, 2.23643e+11, 3.52844e+12, -2.23643e+11
886, -3.53396e+12, 2.24116e+11, 3.53396e+12, -2.24116e+11
887, -3.53948e+12, 2.24588e+11, 3.53948e+12, -2.24588e+11
888, -3.545e+12, 2.25061e+11, 3.545e+12, -2.25061e+11
889, -3.55053e+12, 2.25534e+11, 3.55053e+12, -2.25534e+11
890, -3.55605e+12, 2.26007e+11, 3.55605e+12, -2.26007e+11
891, -3.56157e+12, 2.26479e+11, 3.56157e+12, -2.26479e+11
892, -3.56709e+12, 2.26952e+11, 3.56709e+12, -2.26952e+11
893, -3.57261e+12, 2.27425e+11, 3.57261e+12, -2.27425e+11
894, -3.57813e+12, 2.27898e+11, 3.57813e+12, -2.27898e+11
895, -3.58365e+12, 2.2837e+11, 3.58365e+12, -2.2837e+11
896, -3.58918e+12, 2.28843e+11, 3.58918e+12, -2.28843e+11
897, -3.5947e+12, 2.29316e+11, 3.5947e+12, -2.29316e+11
898, -3.60022e+12, 2.29788e+11, 3.60022e+12, -2.29788e+11
899, -3.60574e+12, 2.30261e+11, 3.60574e+12, -2.30261e+11
900, -3.61126e+12, 2.30734e+11, 3.61126e+12, -2.30734e+11
901, -3.61678e+12, 2.31206e+11, 3.61678e+12, -2.31206e+11
902, -3.6223e+12, 2.31679e+11, 3.6223e+12, -2.31679e+11
903, -3.62782e+12, 2.32152e+11, 3.62782e+12, -2.32152e+11
904, -3.63334e+12, 2.32624e+11, 3.63334e+12, -2.32624e+11
905, -3.63886e+12, 2.33097e+11, 3.63886e+12, -2.33097e+11
906, -3.64438e+12, 2.3357e+11, 3.64438e+12, -2.3357e+11
907, -3.6499e+12, 2.34042e+11, 3.6499e+12, -2.34042e+11
908, -3.65542e+12, 2.34515e+11, 3.65542e+12, -2.34515e+11
909, -3.66094e+12, 2.34988e+11, 3.66094e+12, -2.34988e+11
910, -3.66646e+12, 2.3546e+11, 3.66646e+12, -2.3546e+11
911, -3.67198e+12, 2.35933e+11, 3.67198e+12, -2.35933e+11
912, -3.67749e+12, 2.36405e+11, 3.67749e+12, -2.36405e+11
913, -3.68301e+12, 2.36878e+11, 3.68301e+12, -2.36878e+11
914, -3.68853e+12, 2.37351e+11, 3.68853e+12, -2.37351e+11
915, -3.69405e+12, 2.37823e+11, 3.69405e+12, -2.37823e+11
916, -3.69957e+12, 2.38296e+11, 3.69957e+12, -2.38296e+11
917, -3.70509e+12, 2.38768e+11, 3.70509e+12, -2.38768e+11
918, -3.71061e+12, 2.39241e+11, 3.71061e+12, -2.39241e+11
919, -3.71612e+12, 2.39713e+11, 3.71612e+12, -2.39713e+11
920, -3.72164e+12, 2.40186e+11, 3.72164e+12, -2.40186e+11
921, -3.72716e+12, 2.40658e+11, 3.72716e+12, -2.40658e+11
922, -3.73268e+12, 2.41131e+11, 3.73268e+12, -2.41131e+11
923, -3.7382e+12, 2.41603e+11, 3.7382e+12, -2.41603e+11
924, -3.74371e+12, 2.42076e+11, 3.74371e+12, -2.42076e+11
925, -3.74923e+12, 2.42548e+11, 3.74923e+12, -2.42548e+11
926, -3.75475e+12, 2.43021e+11, 3.75475e+12, -2.43021e+11
927, -3.76027e+12, 2.43493e+11, 3.76027e+12, -2.43493e+11
928, -3.76578e+12, 2.43966e+11, 3.76578e+12, -2.43966e+11
929, -3.7713e+12, 2.44438e+11, 3.7713e+12, -2.44438e+11
930, -3.77682e+12, 2.44911e+11, 3.77682e+12, -2.44911e+11
931, -3.78234e+12, 2.45383e+11, 3.78234e+12, -2.45383e+11
932, -3.78785e+12, 2.45856e+11, 3.78785e+12, -2.45856e+11
933, -3.79337e+12, 2.46328e+11, 3.79337e+12, -2.46328e+11
934, -3.79889e+12, 2.468e+11, 3.79889e+12, -2.468e+11
935, -3.8044e+12, 2.47273e+11, 3.8044e+12, -2.47273e+11
936, -3.80992e+12, 2.47745e+11, 3.80992e+12, -2.47745e+11
937, -3.81543e+12, 2.48218e+11, 3.81543e+12, -2.48218e+11
938, -3.82095e+12, 2.4869e+11, 3.82095e+12, -2.4869e+11
939, -3.82647e+12, 2.49163e+11, 3.82647e+12, -2.49163e+11
940, -3.83198e+12, 2.49635e+11, 3.83198e+12, -2.49635e+11
941, -3.8375e+12, 2.50107e+11, 3.8375e+12, -2.50107e+11
942, -3.84301e+12, 2.5058e+11, 3.84301e+12, -2.5058e+11
943, -3.84853e+12, 2.51052e+11, 3.84853e+12, -2.51052e+11
944, -3.85405e+12, 2.51524e+11, 3.85405e+12, -2.51524e+11
945, -3.85956e+12, 2.51997e+11, 3.85956e+12, -2.51997e+11
946, -3.86508e+12, 2.52469e+11, 3.86508e+12, -2.52469e+11
947, -3.87059e+12, 2.52941e+11, 3.87059e+12, -2.52941e+11
948, -3.87611e+12, 2.53414e+11, 3.87611e+12, -2.53414e+11
949, -3.88162e+12, 2.53886e+11, 3.88162e+12, -2.53886e+11
950, -3.88714e+12, 2.54358e+11, 3.88714e+12, -2.54358e+11
951, -3.89265e+12, 2.54831e+11, 3.89265e+12, -2.54831e+11
952, -3.89817e+12, 2.55303e+11, 3.89817e+12, -2.55303e+11
953, -3.90368e+12, 2.55775e+11, 3.90368e+12, -2.55775e+11
954, -3.90919e+12, 2.56248e+11, 3.90919e+12, -2.56248e+11
955, -3.91471e+12, 2.5672e+11, 3.91471e+12, -2.5672e+11
956, -3.92022e+12, 2.57192e+11, 3.92022e+12, -2.57192e+11
957, -3.92574e+12, 2.57664e+11, 3.92574e+12, -2.57664e+11
958, -3.93125e+12, 2.58137e+11, 3.93125e+12, -2.58137e+11
959, -3.93677e+12, 2.58609e+11, 3.93677e+12, -2.58609e+11
960, -3.94228e+12, 2.59081e+11, 3.94228e+12, -2.59081e+11
961, -3.94779e+12, 2.59553e+11, 3.94779e+12, -2.59553e+11
962, -3.95331e+12, 2.60026e+11, 3.95331e+12, -2.60026e+11
963, -3.95882e+12, 2.60498e+11, 3.95882e+12, -2.60498e+11
964, -3.96433e+12, 2.6097e+11, 3.96433e+12, -2.6097e+11
965, -3.96985e+12, 2.61442e+11, 3.96985e+12, -2.61442e+11
966, -3.97536e+12, 2.61915e+11, 3.97536e+12, -2.61915e+11
967, -3.98087e+12, 2.62387e+11, 3.98087e+12, -2.62387e+11
968, -3.98639e+12, 2.62859e+11, 3.98639e+12, -2.62859e+11
969, -3.9919e+12, 2.63331e+11, 3.9919e+12, -2.63331e+11
970, -3.99741e+12, 2.63803e+11, 3.99741e+12, -2.63803e+11
971, -4.00293e+12, 2.64276e+11, 4.00293e+12, -2.64276e+11
972, -4.00844e+12, 2.64748e+11, 4.00844e+12, -2.64748e+11
973, -4.01395e+12, 2.6522e+11, 4.01395e+12, -2.6522e+11
974, -4.01946e+12, 2.65692e+11, 4.01946e+12, -2.65692e+11
975, -4.02498e+12, 2.66164e+11, 4.02498e+12, -2.66164e+11
976, -4.03049e+12, 2.66636e+11, 4.03049e+12, -2.66636e+11
977, -4.036e+12, 2.67108e+11, 4.036e+12, -2.67108e+11
978, -4.04151e+12, 2.67581e+11, 4.04151e+12, -2.67581e+11
979, -4.04702e+12, 2.68053e+11, 4.04702e+12, -2.68053e+11
980, -4.05254e+12, 2.68525e+11, 4.05254e+12, -2.68525e+11
981, -4.05805e+12, 2.68997e+11, 4.05805e+12, -2.68997e+11
982, -4.06356e+12, 2.69469e+11, 4.06356e+12, -2.69469e+11
983, -4.06907e+12, 2.69941e+11, 4.06907e+12, -2.69941e+11
984, -4.07458e+12, 2.70413e+11, 4.07458e+12, -2.70413e+11
985, -4.08009e+12, 2.70885e+11, 4.08009e+12, -2.70885e+11
986, -4.0856e+12, 2.71357e+11, 4.0856e+12, -2.71357e+11
987, -4.09112e+12, 2.7183e+11, 4.09112e+12, -2.7183e+11
988, -4.09663e+12, 2.72302e+11, 4.09663e+12, -2.72302e+11
989, -4.10214e+12, 2.72774e+11, 4.10214e+12, -2.72774e+11
990, -4.10765e+12, 2.73246e+11, 4.10765e+12, -2.73246e+11
991, -4.11316e+12, 2.73718e+11, 4.11316e+12, -2.73718e+11
992, -4.11867e+12, 2.7419e+11, 4.11867e+12, -2.7419e+11
993, -4.12418e+12, 2.74662e+11, 4.12418e+12, -2.74662e+11
994, -4.12969e+12, 2.75134e+11, 4.12969e+12, -2.75134e+11
995, -4.1352e+12, 2.75606e+11, 4.1352e+12, -2.75606e+11
996, -4.14071e+12, 2.76078e+11, 4.14071e+12, -2.76078e+11
997, -4.14622e+12, 2.7655e+11, 4.14622e+12, -2.7655e+11
998, -4.15173e+12, 2.77022e+11, 4.15173e+12, -2.77022e+11
999, -4.15724e+12, 2.77494e+11, 4.15724e+12, -2.77494e+11
1000, -4.16275e+12, 2.77966e+11, 4.16275e+12, -2.77966e+11
