0, 1e+11, 1e+12, -1e+11, -1e+12
1, 9.9992e+10, 9.69162e+11, -9.9992e+10, -9.69162e+11
2, 9.99669e+10, 9.38159e+11, -9.99669e+10, -9.38159e+11
3, 9.9923e+10, 9.06979e+11, -9.9923e+10, -9.06979e+11
4, 9.98583e+10, 8.75611e+11, -9.98583e+10, -8.75611e+11
5, 9.97705e+10, 8.44041e+11, -9.97705e+10, -8.44041e+11
6, 9.9657e+10, 8.12253e+11, -9.9657e+10, -8.12253e+11
7, 9.95148e+10, 7.80231e+11, -9.95148e+10, -7.80231e+11
8, 9.93403e+10, 7.47956e+11, -9.93403e+10, -7.47956e+11
9, 9.91292e+10, 7.15406e+11, -9.91292e+10, -7.15406e+11
10, 9.88765e+10, 6.82556e+11, -9.88765e+10, -6.82556e+11
11, 9.8576e+10, 6.49377e+11, -9.8576e+10, -6.49377e+11
12, 9.82206e+10, 6.15836e+11, -9.82206e+10, -6.15836e+11
13, 9.7801e+10, 5.81893e+11, -9.7801e+10, -5.81893e+11
14, 9.7306e+10, 5.47502e+11, -9.7306e+10, -5.47502e+11
15, 9.67213e+10, 5.12608e+11, -9.67213e+10, -5.12608e+11
16, 9.60286e+10, 4.77142e+11, -9.60286e+10, -4.77142e+11
17, 9.52038e+10, 4.41022e+11, -9.52038e+10, -4.41022e+11
18, 9.42143e+10, 4.0414e+11, -9.42143e+10, -4.0414e+11
19, 9.30151e+10, 3.66363e+11, -9.30151e+10, -3.66363e+11
20, 9.15414e+10, 3.27509e+11, -9.15414e+10, -3.27509e+11
21, 8.96958e+10, 2.87332e+11, -8.96958e+10, -2.87332e+11
22, 8.73222e+10, 2.45477e+11, -8.73222e+10, -2.45477e+11
23, 8.41505e+10, 2.01404e+11, -8.41505e+10, -2.01404e+11
24, 7.96536e+10, 1.54217e+11, -7.96536e+10, -1.54217e+11
25, 7.25902e+10, 1.02227e+11, -7.25902e+10, -1.02227e+11
26, 5.88125e+10, 4.15799e+10, -5.88125e+10, -4.15799e+10
27, 7.19899e+09, -3.1903e+10, -7.19899e+09, 3.1903e+10
28, -6.54218e+10, -4.76058e+10, 6.54218e+10, 4.76058e+10
29, -1.14375e+11, -4.57558e+10, 1.14375e+11, 4.57558e+10
30, -1.53215e+11, -3.95354e+10, 1.53215e+11, 3.95354e+10
31, -1.85809e+11, -3.1633e+10, 1.85809e+11, 3.1633e+10
32, -2.13965e+11, -2.29503e+10, 2.13965e+11, 2.29503e+10
33, -2.38703e+11, -1.38898e+10, 2.38703e+11, 1.38898e+10
34, -2.60668e+11, -4.66219e+09, 2.60668e+11, 4.66219e+09
35, -2.80301e+11, 4.6106e+09, 2.80301e+11, -4.6106e+09
36, -2.9792e+11, 1.38524e+10, 2.9792e+11, -1.38524e+10
37, -3.13761e+11, 2.3013e+10, 3.13761e+11, -2.3013e+10
38, -3.28008e+11, 3.20577e+10, 3.28008e+11, -3.20577e+10
39, -3.40807e+11, 4.09616e+10, 3.40807e+11, -4.09616e+10
40, -3.52273e+11, 4.97059e+10, 3.52273e+11, -4.97059e+10
41, -3.62503e+11, 5.82763e+10, 3.62503e+11, -5.82763e+10
42, -3.71576e+11, 6.66608e+10, 3.71576e+11, -6.66608e+10
43, -3.79558e+11, 7.48499e+10, 3.79558e+11, -7.48499e+10
44, -3.86505e+11, 8.2835e+10, 3.86505e+11, -8.2835e+10
45, -3.92462e+11, 9.06085e+10, 3.92462e+11, -9.06085e+10
46, -3.97472e+11, 9.8163e+10, 3.97472e+11, -9.8163e+10
47, -4.01566e+11, 1.05492e+11, 4.01566e+11, -1.05492e+11
48, -4.04775e+11, 1.12588e+11, 4.04775e+11, -1.12588e+11
49, -4.07121e+11, 1.19444e+11, 4.07121e+11, -1.19444e+11
50, -4.08626e+11, 1.26054e+11, 4.08626e+11, -1.26054e+11
51, -4.09305e+11, 1.32409e+11, 4.09305e+11, -1.32409e+11
52, -4.09173e+11, 1.38501e+11, 4.09173e+11, -1.38501e+11
53, -4.08239e+11, 1.44322e+11, 4.08239e+11, -1.44322e+11
54, -4.06512e+11, 1.49863e+11, 4.06512e+11, -1.49863e+11
55, -4.03994e+11, 1.55112e+11, 4.03994e+11, -1.55112e+11
56, -4.0069e+11, 1.60059e+11, 4.0069e+11, -1.60059e+11
57, -3.96598e+11, 1.64692e+11, 3.96598e+11, -1.64692e+11
58, -3.91716e+11, 1.68996e+11, 3.91716e+11, -1.68996e+11
59, -3.86036e+11, 1.72956e+11, 3.86036e+11, -1.72956e+11
60, -3.79552e+11, 1.76556e+11, 3.79552e+11, -1.76556e+11
61, -3.7225e+11, 1.79775e+11, 3.7225e+11, -1.79775e+11
62, -3.64116e+11, 1.82592e+11, 3.64116e+11, -1.82592e+11
63, -3.55131e+11, 1.84983e+11, 3.55131e+11, -1.84983e+11
64, -3.45273e+11, 1.86918e+11, 3.45273e+11, -1.86918e+11
65, -3.34513e+11, 1.88366e+11, 3.34513e+11, -1.88366e+11
66, -3.2282e+11, 1.89287e+11, 3.2282e+11, -1.89287e+11
67, -3.10154e+11, 1.89637e+11, 3.10154e+11, -1.89637e+11
68, -2.96468e+11, 1.89364e+11, 2.96468e+11, -1.89364e+11
69, -2.81706e+11, 1.88402e+11, 2.81706e+11, -1.88402e+11
70, -2.658e+11, 1.86675e+11, 2.658e+11, -1.86675e+11
71, -2.48669e+11, 1.84086e+11, 2.48669e+11, -1.84086e+11
72, -2.30209e+11, 1.80513e+11, 2.30209e+11, -1.80513e+11
73, -2.10296e+11, 1.75797e+11, 2.10296e+11, -1.75797e+11
74, -1.88766e+11, 1.69727e+11, 1.88766e+11, -1.69727e+11
75, -1.65408e+11, 1.62009e+11, 1.65408e+11, -1.62009e+11
76, -1.39938e+11, 1.52211e+11, 1.39938e+11, -1.52211e+11
77, -1.11953e+11, 1.39657e+11, 1.11953e+11, -1.39657e+11
78, -8.086e+10, 1.23173e+11, 8.086e+10, -1.23173e+11
79, -4.57336e+10, 1.00356e+11, 4.57336e+10, -1.00356e+11
80, -5.30949e+09, 6.45289e+10, 5.30949e+09, -6.45289e+10
81, 2.26886e+10, -2.19396e+10, -2.26886e+10, 2.19396e+10
82, -4.68464e+08, -8.54459e+10, 4.68464e+08, 8.54459e+10
83, -2.21733e+10, -1.2097e+11, 2.21733e+10, 1.2097e+11
84, -4.20942e+10, -1.45706e+11, 4.20942e+10, 1.45706e+11
85, -6.0119e+10, -1.637e+11, 6.0119e+10, 1.637e+11
86, -7.63529e+10, -1.76763e+11, 7.63529e+10, 1.76763e+11
87, -9.08956e+10, -1.85887e+11, 9.08956e+10, 1.85887e+11
88, -1.03816e+11, -1.91682e+11, 1.03816e+11, 1.91682e+11
89, -1.15152e+11, -1.94545e+11, 1.15152e+11, 1.94545e+11
90, -1.24913e+11, -1.94744e+11, 1.24913e+11, 1.94744e+11
91, -1.33079e+11, -1.92454e+11, 1.33079e+11, 1.92454e+11
92, -1.39602e+11, -1.87789e+11, 1.39602e+11, 1.87789e+11
93, -1.44402e+11, -1.80806e+11, 1.44402e+11, 1.80806e+11
94, -1.47358e+11, -1.71516e+11, 1.47358e+11, 1.71516e+11
95, -1.48296e+11, -1.59879e+11, 1.48296e+11, 1.59879e+11
96, -1.46967e+11, -1.45803e+11, 1.46967e+11, 1.45803e+11
97, -1.43009e+11, -1.29124e+11, 1.43009e+11, 1.29124e+11
98, -1.35867e+11, -1.09585e+11, 1.35867e+11, 1.09585e+11
99, -1.24637e+11, -8.67716e+10, 1.24637e+11, 8.67716e+10
100, -1.07649e+11, -6.00089e+10, 1.07649e+11, 6.00089e+10
