0, 1e+11, 1e+12, -1e+11, -1e+12
1, 9.99999e+10, 9.96923e+11, -9.99999e+10, -9.96923e+11
2, 9.99997e+10, 9.93845e+11, -9.99997e+10, -9.93845e+11
3, 9.99993e+10, 9.90765e+11, -9.99993e+10, -9.90765e+11
4, 9.99987e+10, 9.87684e+11, -9.99987e+10, -9.87684e+11
5, 9.9998e+10, 9.84601e+11, -9.9998e+10, -9.84601e+11
6, 9.99971e+10, 9.81517e+11, -9.99971e+10, -9.81517e+11
7, 9.99961e+10, 9.7843e+11, -9.99961e+10, -9.7843e+11
8, 9.99949e+10, 9.75343e+11, -9.99949e+10, -9.75343e+11
9, 9.99935e+10, 9.72253e+11, -9.99935e+10, -9.72253e+11
10, 9.9992e+10, 9.69162e+11, -9.9992e+10, -9.69162e+11
11, 9.99903e+10, 9.6607e+11, -9.99903e+10, -9.6607e+11
12, 9.99884e+10, 9.62975e+11, -9.99884e+10, -9.62975e+11
13, 9.99863e+10, 9.59879e+11, -9.99863e+10, -9.59879e+11
14, 9.99841e+10, 9.56781e+11, -9.99841e+10, -9.56781e+11
15, 9.99817e+10, 9.53682e+11, -9.99817e+10, -9.53682e+11
16, 9.99791e+10, 9.50581e+11, -9.99791e+10, -9.50581e+11
17, 9.99763e+10, 9.47478e+11, -9.99763e+10, -9.47478e+11
18, 9.99733e+10, 9.44373e+11, -9.99733e+10, -9.44373e+11
19, 9.99702e+10, 9.41267e+11, -9.99702e+10, -9.41267e+11
20, 9.99669e+10, 9.38159e+11, -9.99669e+10, -9.38159e+11
21, 9.99634e+10, 9.35049e+11, -9.99634e+10, -9.35049e+11
22, 9.99597e+10, 9.31937e+11, -9.99597e+10, -9.31937e+11
23, 9.99558e+10, 9.28824e+11, -9.99558e+10, -9.28824e+11
24, 9.99517e+10, 9.25709e+11, -9.99517e+10, -9.25709e+11
25, 9.99474e+10, 9.22592e+11, -9.99474e+10, -9.22592e+11
26, 9.99429e+10, 9.19473e+11, -9.99429e+10, -9.19473e+11
27, 9.99382e+10, 9.16352e+11, -9.99382e+10, -9.16352e+11
28, 9.99333e+10, 9.1323e+11, -9.99333e+10, -9.1323e+11
29, 9.99283e+10, 9.10105e+11, -9.99283e+10, -9.10105e+11
30, 9.9923e+10, 9.06979e+11, -9.9923e+10, -9.06979e+11
31, 9.99175e+10, 9.03851e+11, -9.99175e+10, -9.03851e+11
32, 9.99117e+10, 9.00721e+11, -9.99117e+10, -9.00721e+11
33, 9.99058e+10, 8.97589e+11, -9.99058e+10, -8.97589e+11
34, 9.98997e+10, 8.94455e+11, -9.98997e+10, -8.94455e+11
35, 9.98933e+10, 8.91319e+11, -9.98933e+10, -8.91319e+11
36, 9.98868e+10, 8.88182e+11, -9.98868e+10, -8.88182e+11
37, 9.988e+10, 8.85042e+11, -9.988e+10, -8.85042e+11
38, 9.9873e+10, 8.819e+11, -9.9873e+10, -8.819e+11
39, 9.98657e+10, 8.78757e+11, -9.98657e+10, -8.78757e+11
40, 9.98583e+10, 8.75611e+11, -9.98583e+10, -8.75611e+11
41, 9.98506e+10, 8.72463e+11, -9.98506e+10, -8.72463e+11
42, 9.98426e+10, 8.69313e+11, -9.98426e+10, -8.69313e+11
43, 9.98345e+10, 8.66162e+11, -9.98345e+10, -8.66162e+11
44, 9.98261e+10, 8.63008e+11, -9.98261e+10, -8.63008e+11
45, 9.98174e+10, 8.59852e+11, -9.98174e+10, -8.59852e+11
46, 9.98085e+10, 8.56694e+11, -9.98085e+10, -8.56694e+11
47, 9.97994e+10, 8.53534e+11, -9.97994e+10, -8.53534e+11
48, 9.979e+10, 8.50372e+11, -9.979e+10, -8.50372e+11
49, 9.97804e+10, 8.47207e+11, -9.97804e+10, -8.47207e+11
50, 9.97705e+10, 8.44041e+11, -9.97705e+10, -8.44041e+11
51, 9.97603e+10, 8.40872e+11, -9.97603e+10, -8.40872e+11
52, 9.97499e+10, 8.37701e+11, -9.97499e+10, -8.37701e+11
53, 9.97393e+10, 8.34528e+11, -9.97393e+10, -8.34528e+11
54, 9.97284e+10, 8.31353e+11, -9.97284e+10, -8.31353e+11
55, 9.97172e+10, 8.28175e+11, -9.97172e+10, -8.28175e+11
56, 9.97057e+10, 8.24995e+11, -9.97057e+10, -8.24995e+11
57, 9.96939e+10, 8.21813e+11, -9.96939e+10, -8.21813e+11
58, 9.96819e+10, 8.18629e+11, -9.96819e+10, -8.18629e+11
59, 9.96696e+10, 8.15442e+11, -9.96696e+10, -8.15442e+11
60, 9.9657e+10, 8.12253e+11, -9.9657e+10, -8.12253e+11
61, 9.96442e+10, 8.09062e+11, -9.96442e+10, -8.09062e+11
62, 9.9631e+10, 8.05868e+11, -9.9631e+10, -8.05868e+11
63, 9.96175e+10, 8.02672e+11, -9.96175e+10, -8.02672e+11
64, 9.96038e+10, 7.99473e+11, -9.96038e+10, -7.99473e+11
65, 9.95897e+10, 7.96273e+11, -9.95897e+10, -7.96273e+11
66, 9.95754e+10, 7.93069e+11, -9.95754e+10, -7.93069e+11
67, 9.95607e+10, 7.89864e+11, -9.95607e+10, -7.89864e+11
68, 9.95457e+10, 7.86655e+11, -9.95457e+10, -7.86655e+11
69, 9.95304e+10, 7.83445e+11, -9.95304e+10, -7.83445e+11
70, 9.95148e+10, 7.80231e+11, -9.95148e+10, -7.80231e+11
71, 9.94989e+10, 7.77016e+11, -9.94989e+10, -7.77016e+11
72, 9.94826e+10, 7.73797e+11, -9.94826e+10, -7.73797e+11
73, 9.9466e+10, 7.70576e+11, -9.9466e+10, -7.70576e+11
74, 9.94491e+10, 7.67353e+11, -9.94491e+10, -7.67353e+11
75, 9.94319e+10, 7.64127e+11, -9.94319e+10, -7.64127e+11
76, 9.94142e+10, 7.60898e+11, -9.94142e+10, -7.60898e+11
77, 9.93963e+10, 7.57667e+11, -9.93963e+10, -7.57667e+11
78, 9.9378e+10, 7.54433e+11, -9.9378e+10, -7.54433e+11
79, 9.93593e+10, 7.51196e+11, -9.93593e+10, -7.51196e+11
80, 9.93403e+10, 7.47956e+11, -9.93403e+10, -7.47956e+11
81, 9.93209e+10, 7.44714e+11, -9.93209e+10, -7.44714e+11
82, 9.93011e+10, 7.41469e+11, -9.93011e+10, -7.41469e+11
83, 9.9281e+10, 7.38221e+11, -9.9281e+10, -7.38221e+11
84, 9.92605e+10, 7.34971e+11, -9.92605e+10, -7.34971e+11
85, 9.92396e+10, 7.31717e+11, -9.92396e+10, -7.31717e+11
86, 9.92183e+10, 7.28461e+11, -9.92183e+10, -7.28461e+11
87, 9.91966e+10, 7.25202e+11, -9.91966e+10, -7.25202e+11
88, 9.91746e+10, 7.21939e+11, -9.91746e+10, -7.21939e+11
89, 9.91521e+10, 7.18674e+11, -9.91521e+10, -7.18674e+11
90, 9.91292e+10, 7.15406e+11, -9.91292e+10, -7.15406e+11
91, 9.91059e+10, 7.12135e+11, -9.91059e+10, -7.12135e+11
92, 9.90821e+10, 7.08861e+11, -9.90821e+10, -7.08861e+11
93, 9.9058e+10, 7.05584e+11, -9.9058e+10, -7.05584e+11
94, 9.90334e+10, 7.02304e+11, -9.90334e+10, -7.02304e+11
95, 9.90084e+10, 6.9902e+11, -9.90084e+10, -6.9902e+11
96, 9.89829e+10, 6.95734e+11, -9.89829e+10, -6.95734e+11
97, 9.8957e+10, 6.92444e+11, -9.8957e+10, -6.92444e+11
98, 9.89306e+10, 6.89151e+11, -9.89306e+10, -6.89151e+11
99, 9.89038e+10, 6.85855e+11, -9.89038e+10, -6.85855e+11
100, 9.88765e+10, 6.82556e+11, -9.88765e+10, -6.82556e+11
101, 9.88487e+10, 6.79253e+11, -9.88487e+10, -6.79253e+11
102, 9.88204e+10, 6.75947e+11, -9.88204e+10, -6.75947e+11
103, 9.87916e+10, 6.72638e+11, -9.87916e+10, -6.72638e+11
104, 9.87624e+10, 6.69326e+11, -9.87624e+10, -6.69326e+11
105, 9.87326e+10, 6.66009e+11, -9.87326e+10, -6.66009e+11
106, 9.87024e+10, 6.6269e+11, -9.87024e+10, -6.6269e+11
107, 9.86716e+10, 6.59367e+11, -9.86716e+10, -6.59367e+11
108, 9.86403e+10, 6.5604e+11, -9.86403e+10, -6.5604e+11
109, 9.86084e+10, 6.5271e+11, -9.86084e+10, -6.5271e+11
110, 9.8576e+10, 6.49377e+11, -9.8576e+10, -6.49377e+11
111, 9.85431e+10, 6.4604e+11, -9.85431e+10, -6.4604e+11
112, 9.85096e+10, 6.42699e+11, -9.85096e+10, -6.42699e+11
113, 9.84755e+10, 6.39354e+11, -9.84755e+10, -6.39354e+11
114, 9.84409e+10, 6.36006e+11, -9.84409e+10, -6.36006e+11
115, 9.84057e+10, 6.32654e+11, -9.84057e+10, -6.32654e+11
116, 9.83699e+10, 6.29298e+11, -9.83699e+10, -6.29298e+11
117, 9.83335e+10, 6.25938e+11, -9.83335e+10, -6.25938e+11
118, 9.82965e+10, 6.22575e+11, -9.82965e+10, -6.22575e+11
119, 9.82588e+10, 6.19207e+11, -9.82588e+10, -6.19207e+11
120, 9.82206e+10, 6.15836e+11, -9.82206e+10, -6.15836e+11
121, 9.81816e+10, 6.1246e+11, -9.81816e+10, -6.1246e+11
122, 9.81421e+10, 6.0908e+11, -9.81421e+10, -6.0908e+11
123, 9.81019e+10, 6.05697e+11, -9.81019e+10, -6.05697e+11
124, 9.8061e+10, 6.02309e+11, -9.8061e+10, -6.02309e+11
125, 9.80194e+10, 5.98917e+11, -9.80194e+10, -5.98917e+11
126, 9.79772e+10, 5.95521e+11, -9.79772e+10, -5.95521e+11
127, 9.79342e+10, 5.9212e+11, -9.79342e+10, -5.9212e+11
128, 9.78905e+10, 5.88716e+11, -9.78905e+10, -5.88716e+11
129, 9.78461e+10, 5.85306e+11, -9.78461e+10, -5.85306e+11
130, 9.7801e+10, 5.81893e+11, -9.7801e+10, -5.81893e+11
131, 9.77551e+10, 5.78475e+11, -9.77551e+10, -5.78475e+11
132, 9.77084e+10, 5.75052e+11, -9.77084e+10, -5.75052e+11
133, 9.7661e+10, 5.71625e+11, -9.7661e+10, -5.71625e+11
134, 9.76127e+10, 5.68193e+11, -9.76127e+10, -5.68193e+11
135, 9.75637e+10, 5.64757e+11, -9.75637e+10, -5.64757e+11
136, 9.75139e+10, 5.61315e+11, -9.75139e+10, -5.61315e+11
137, 9.74632e+10, 5.57869e+11, -9.74632e+10, -5.57869e+11
138, 9.74116e+10, 5.54419e+11, -9.74116e+10, -5.54419e+11
139, 9.73592e+10, 5.50963e+11, -9.73592e+10, -5.50963e+11
140, 9.7306e+10, 5.47502e+11, -9.7306e+10, -5.47502e+11
141, 9.72518e+10, 5.44036e+11, -9.72518e+10, -5.44036e+11
142, 9.71967e+10, 5.40566e+11, -9.71967e+10, -5.40566e+11
143, 9.71407e+10, 5.3709e+11, -9.71407e+10, -5.3709e+11
144, 9.70838e+10, 5.33608e+11, -9.70838e+10, -5.33608e+11
145, 9.70259e+10, 5.30122e+11, -9.70259e+10, -5.30122e+11
146, 9.6967e+10, 5.2663e+11, -9.6967e+10, -5.2663e+11
147, 9.69071e+10, 5.23133e+11, -9.69071e+10, -5.23133e+11
148, 9.68462e+10, 5.1963e+11, -9.68462e+10, -5.1963e+11
149, 9.67843e+10, 5.16122e+11, -9.67843e+10, -5.16122e+11
150, 9.67213e+10, 5.12608e+11, -9.67213e+10, -5.12608e+11
151, 9.66573e+10, 5.09088e+11, -9.66573e+10, -5.09088e+11
152, 9.65921e+10, 5.05563e+11, -9.65921e+10, -5.05563e+11
153, 9.65258e+10, 5.02032e+11, -9.65258e+10, -5.02032e+11
154, 9.64584e+10, 4.98494e+11, -9.64584e+10, -4.98494e+11
155, 9.63898e+10, 4.94951e+11, -9.63898e+10, -4.94951e+11
156, 9.63201e+10, 4.91402e+11, -9.63201e+10, -4.91402e+11
157, 9.62491e+10, 4.87846e+11, -9.62491e+10, -4.87846e+11
158, 9.61769e+10, 4.84285e+11, -9.61769e+10, -4.84285e+11
159, 9.61034e+10, 4.80717e+11, -9.61034e+10, -4.80717e+11
160, 9.60286e+10, 4.77142e+11, -9.60286e+10, -4.77142e+11
161, 9.59526e+10, 4.73561e+11, -9.59526e+10, -4.73561e+11
162, 9.58751e+10, 4.69973e+11, -9.58751e+10, -4.69973e+11
163, 9.57963e+10, 4.66379e+11, -9.57963e+10, -4.66379e+11
164, 9.57162e+10, 4.62778e+11, -9.57162e+10, -4.62778e+11
165, 9.56345e+10, 4.5917e+11, -9.56345e+10, -4.5917e+11
166, 9.55514e+10, 4.55555e+11, -9.55514e+10, -4.55555e+11
167, 9.54669e+10, 4.51932e+11, -9.54669e+10, -4.51932e+11
168, 9.53807e+10, 4.48303e+11, -9.53807e+10, -4.48303e+11
169, 9.52931e+10, 4.44666e+11, -9.52931e+10, -4.44666e+11
170, 9.52038e+10, 4.41021e+11, -9.52038e+10, -4.41021e+11
171, 9.51129e+10, 4.3737e+11, -9.51129e+10, -4.3737e+11
172, 9.50203e+10, 4.3371e+11, -9.50203e+10, -4.3371e+11
173, 9.4926e+10, 4.30042e+11, -9.4926e+10, -4.30042e+11
174, 9.48299e+10, 4.26367e+11, -9.48299e+10, -4.26367e+11
175, 9.47321e+10, 4.22684e+11, -9.47321e+10, -4.22684e+11
176, 9.46324e+10, 4.18992e+11, -9.46324e+10, -4.18992e+11
177, 9.45308e+10, 4.15292e+11, -9.45308e+10, -4.15292e+11
178, 9.44273e+10, 4.11583e+11, -9.44273e+10, -4.11583e+11
179, 9.43218e+10, 4.07866e+11, -9.43218e+10, -4.07866e+11
180, 9.42143e+10, 4.0414e+11, -9.42143e+10, -4.0414e+11
181, 9.41047e+10, 4.00405e+11, -9.41047e+10, -4.00405e+11
182, 9.3993e+10, 3.96661e+11, -9.3993e+10, -3.96661e+11
183, 9.3879e+10, 3.92908e+11, -9.3879e+10, -3.92908e+11
184, 9.37629e+10, 3.89146e+11, -9.37629e+10, -3.89146e+11
185, 9.36444e+10, 3.85374e+11, -9.36444e+10, -3.85374e+11
186, 9.35235e+10, 3.81592e+11, -9.35235e+10, -3.81592e+11
187, 9.34002e+10, 3.778e+11, -9.34002e+10, -3.778e+11
188, 9.32745e+10, 3.73998e+11, -9.32745e+10, -3.73998e+11
189, 9.31461e+10, 3.70185e+11, -9.31461e+10, -3.70185e+11
190, 9.30151e+10, 3.66363e+11, -9.30151e+10, -3.66363e+11
191, 9.28814e+10, 3.62529e+11, -9.28814e+10, -3.62529e+11
192, 9.27448e+10, 3.58685e+11, -9.27448e+10, -3.58685e+11
193, 9.26054e+10, 3.54829e+11, -9.26054e+10, -3.54829e+11
194, 9.24631e+10, 3.50962e+11, -9.24631e+10, -3.50962e+11
195, 9.23177e+10, 3.47084e+11, -9.23177e+10, -3.47084e+11
196, 9.21691e+10, 3.43193e+11, -9.21691e+10, -3.43193e+11
197, 9.20173e+10, 3.39291e+11, -9.20173e+10, -3.39291e+11
198, 9.18621e+10, 3.35376e+11, -9.18621e+10, -3.35376e+11
199, 9.17035e+10, 3.31449e+11, -9.17035e+10, -3.31449e+11
200, 9.15414e+10, 3.27509e+11, -9.15414e+10, -3.27509e+11
201, 9.13756e+10, 3.23555e+11, -9.13756e+10, -3.23555e+11
202, 9.12059e+10, 3.19589e+11, -9.12059e+10, -3.19589e+11
203, 9.10324e+10, 3.15608e+11, -9.10324e+10, -3.15608e+11
204, 9.08548e+10, 3.11614e+11, -9.08548e+10, -3.11614e+11
205, 9.0673e+10, 3.07605e+11, -9.0673e+10, -3.07605e+11
206, 9.04868e+10, 3.03581e+11, -9.04868e+10, -3.03581e+11
207, 9.02962e+10, 2.99542e+11, -9.02962e+10, -2.99542e+11
208, 9.01009e+10, 2.95488e+11, -9.01009e+10, -2.95488e+11
209, 8.99008e+10, 2.91418e+11, -8.99008e+10, -2.91418e+11
210, 8.96956e+10, 2.87332e+11, -8.96956e+10, -2.87332e+11
211, 8.94853e+10, 2.83229e+11, -8.94853e+10, -2.83229e+11
212, 8.92696e+10, 2.79109e+11, -8.92696e+10, -2.79109e+11
213, 8.90483e+10, 2.74971e+11, -8.90483e+10, -2.74971e+11
214, 8.88212e+10, 2.70816e+11, -8.88212e+10, -2.70816e+11
215, 8.8588e+10, 2.66642e+11, -8.8588e+10, -2.66642e+11
216, 8.83485e+10, 2.62449e+11, -8.83485e+10, -2.62449e+11
217, 8.81024e+10, 2.58237e+11, -8.81024e+10, -2.58237e+11
218, 8.78495e+10, 2.54004e+11, -8.78495e+10, -2.54004e+11
219, 8.75895e+10, 2.49751e+11, -8.75895e+10, -2.49751e+11
220, 8.7322e+10, 2.45477e+11, -8.7322e+10, -2.45477e+11
221, 8.70466e+10, 2.4118e+11, -8.70466e+10, -2.4118e+11
222, 8.67632e+10, 2.36862e+11, -8.67632e+10, -2.36862e+11
223, 8.64712e+10, 2.32519e+11, -8.64712e+10, -2.32519e+11
224, 8.61702e+10, 2.28153e+11, -8.61702e+10, -2.28153e+11
225, 8.58599e+10, 2.23762e+11, -8.58599e+10, -2.23762e+11
226, 8.55397e+10, 2.19345e+11, -8.55397e+10, -2.19345e+11
227, 8.52092e+10, 2.14902e+11, -8.52092e+10, -2.14902e+11
228, 8.48678e+10, 2.10431e+11, -8.48678e+10, -2.10431e+11
229, 8.45149e+10, 2.05932e+11, -8.45149e+10, -2.05932e+11
230, 8.41499e+10, 2.01404e+11, -8.41499e+10, -2.01404e+11
231, 8.37722e+10, 1.96844e+11, -8.37722e+10, -1.96844e+11
232, 8.33809e+10, 1.92253e+11, -8.33809e+10, -1.92253e+11
233, 8.29753e+10, 1.87629e+11, -8.29753e+10, -1.87629e+11
234, 8.25546e+10, 1.82971e+11, -8.25546e+10, -1.82971e+11
235, 8.21177e+10, 1.78277e+11, -8.21177e+10, -1.78277e+11
236, 8.16637e+10, 1.73546e+11, -8.16637e+10, -1.73546e+11
237, 8.11913e+10, 1.68776e+11, -8.11913e+10, -1.68776e+11
238, 8.06995e+10, 1.63965e+11, -8.06995e+10, -1.63965e+11
239, 8.01868e+10, 1.59112e+11, -8.01868e+10, -1.59112e+11
240, 7.96517e+10, 1.54215e+11, -7.96517e+10, -1.54215e+11
241, 7.90925e+10, 1.49271e+11, -7.90925e+10, -1.49271e+11
242, 7.85074e+10, 1.44278e+11, -7.85074e+10, -1.44278e+11
243, 7.78944e+10, 1.39233e+11, -7.78944e+10, -1.39233e+11
244, 7.7251e+10, 1.34135e+11, -7.7251e+10, -1.34135e+11
245, 7.65747e+10, 1.28979e+11, -7.65747e+10, -1.28979e+11
246, 7.58626e+10, 1.23763e+11, -7.58626e+10, -1.23763e+11
247, 7.51113e+10, 1.18484e+11, -7.51113e+10, -1.18484e+11
248, 7.43169e+10, 1.13136e+11, -7.43169e+10, -1.13136e+11
249, 7.34753e+10, 1.07716e+11, -7.34753e+10, -1.07716e+11
250, 7.25812e+10, 1.0222e+11, -7.25812e+10, -1.0222e+11
251, 7.16289e+10, 9.66416e+10, -7.16289e+10, -9.66416e+10
252, 7.06116e+10, 9.09755e+10, -7.06116e+10, -9.09755e+10
253, 6.95211e+10, 8.52154e+10, -6.95211e+10, -8.52154e+10
254, 6.8348e+10, 7.93541e+10, -6.8348e+10, -7.93541e+10
255, 6.70807e+10, 7.33836e+10, -6.70807e+10, -7.33836e+10
256, 6.57055e+10, 6.72952e+10, -6.57055e+10, -6.72952e+10
257, 6.42052e+10, 6.1079e+10, -6.42052e+10, -6.1079e+10
258, 6.25589e+10, 5.47242e+10, -6.25589e+10, -5.47242e+10
259, 6.074e+10, 4.82188e+10, -6.074e+10, -4.82188e+10
260, 5.87146e+10, 4.15502e+10, -5.87146e+10, -4.15502e+10
261, 5.64391e+10, 3.47055e+10, -5.64391e+10, -3.47055e+10
262, 5.38557e+10, 2.76727e+10, -5.38557e+10, -2.76727e+10
263, 5.0887e+10, 2.04438e+10, -5.0887e+10, -2.04438e+10
264, 4.74281e+10, 1.30211e+10, -4.74281e+10, -1.30211e+10
265, 4.33357e+10, 5.42932e+09, -4.33357e+10, -5.42932e+09
266, 3.84177e+10, -2.25751e+09, -3.84177e+10, 2.25751e+09
267, 3.24344e+10, -9.86745e+09, -3.24344e+10, 9.86745e+09
268, 2.51489e+10, -1.7058e+10, -2.51489e+10, 1.7058e+10
269, 1.64829e+10, -2.32815e+10, -1.64829e+10, 2.32815e+10
270, 6.73066e+09, -2.79523e+10, -6.73066e+09, 2.79523e+10
271, -3.4736e+09, -3.08108e+10, 3.4736e+09, 3.08108e+10
272, -1.35216e+10, -3.20538e+10, 1.35216e+10, 3.20538e+10
273, -2.30828e+10, -3.20898e+10, 2.30828e+10, 3.20898e+10
274, -3.2063e+10, -3.12961e+10, 3.2063e+10, 3.12961e+10
275, -4.04831e+10, -2.99455e+10, 4.04831e+10, 2.99455e+10
276, -4.84029e+10, -2.82195e+10, 4.84029e+10, 2.82195e+10
277, -5.58877e+10, -2.62369e+10, 5.58877e+10, 2.62369e+10
278, -6.29969e+10, -2.40763e+10, 6.29969e+10, 2.40763e+10
279, -6.97812e+10, -2.17904e+10, 6.97812e+10, 2.17904e+10
280, -7.62829e+10, -1.94157e+10, 7.62829e+10, 1.94157e+10
281, -8.25372e+10, -1.69775e+10, 8.25372e+10, 1.69775e+10
282, -8.85733e+10, -1.4494e+10, 8.85733e+10, 1.4494e+10
283, -9.44158e+10, -1.19787e+10, 9.44158e+10, 1.19787e+10
284, -1.00085e+11, -9.44123e+09, 1.00085e+11, 9.44123e+09
285, -1.05599e+11, -6.88893e+09, 1.05599e+11, 6.88893e+09
286, -1.10971e+11, -4.32735e+09, 1.10971e+11, 4.32735e+09
287, -1.16216e+11, -1.7607e+09, 1.16216e+11, 1.7607e+09
288, -1.21344e+11, 8.07774e+08, 1.21344e+11, -8.07774e+08
289, -1.26364e+11, 3.37558e+09, 1.26364e+11, -3.37558e+09
290, -1.31286e+11, 5.94079e+09, 1.31286e+11, -5.94079e+09
291, -1.36116e+11, 8.5019e+09, 1.36116e+11, -8.5019e+09
292, -1.40861e+11, 1.10577e+10, 1.40861e+11, -1.10577e+10
293, -1.45528e+11, 1.36074e+10, 1.45528e+11, -1.36074e+10
294, -1.50121e+11, 1.61502e+10, 1.50121e+11, -1.61502e+10
295, -1.54645e+11, 1.86856e+10, 1.54645e+11, -1.86856e+10
296, -1.59104e+11, 2.12132e+10, 1.59104e+11, -2.12132e+10
297, -1.63503e+11, 2.37327e+10, 1.63503e+11, -2.37327e+10
298, -1.67845e+11, 2.62439e+10, 1.67845e+11, -2.62439e+10
299, -1.72132e+11, 2.87467e+10, 1.72132e+11, -2.87467e+10
300, -1.76368e+11, 3.12409e+10, 1.76368e+11, -3.12409e+10
301, -1.80556e+11, 3.37266e+10, 1.80556e+11, -3.37266e+10
302, -1.84698e+11, 3.62037e+10, 1.84698e+11, -3.62037e+10
303, -1.88796e+11, 3.86722e+10, 1.88796e+11, -3.86722e+10
304, -1.92852e+11, 4.11321e+10, 1.92852e+11, -4.11321e+10
305, -1.96869e+11, 4.35836e+10, 1.96869e+11, -4.35836e+10
306, -2.00847e+11, 4.60267e+10, 2.00847e+11, -4.60267e+10
307, -2.0479e+11, 4.84615e+10, 2.0479e+11, -4.84615e+10
308, -2.08697e+11, 5.08881e+10, 2.08697e+11, -5.08881e+10
309, -2.12572e+11, 5.33066e+10, 2.12572e+11, -5.33066e+10
310, -2.16415e+11, 5.57171e+10, 2.16415e+11, -5.57171e+10
311, -2.20227e+11, 5.81198e+10, 2.20227e+11, -5.81198e+10
312, -2.24009e+11, 6.05146e+10, 2.24009e+11, -6.05146e+10
313, -2.27763e+11, 6.29018e+10, 2.27763e+11, -6.29018e+10
314, -2.3149e+11, 6.52815e+10, 2.3149e+11, -6.52815e+10
315, -2.35191e+11, 6.76538e+10, 2.35191e+11, -6.76538e+10
316, -2.38867e+11, 7.00188e+10, 2.38867e+11, -7.00188e+10
317, -2.42517e+11, 7.23766e+10, 2.42517e+11, -7.23766e+10
318, -2.46145e+11, 7.47274e+10, 2.46145e+11, -7.47274e+10
319, -2.49749e+11, 7.70712e+10, 2.49749e+11, -7.70712e+10
320, -2.53332e+11, 7.94082e+10, 2.53332e+11, -7.94082e+10
321, -2.56893e+11, 8.17386e+10, 2.56893e+11, -8.17386e+10
322, -2.60433e+11, 8.40623e+10, 2.60433e+11, -8.40623e+10
323, -2.63953e+11, 8.63796e+10, 2.63953e+11, -8.63796e+10
324, -2.67454e+11, 8.86905e+10, 2.67454e+11, -8.86905e+10
325, -2.70936e+11, 9.09951e+10, 2.70936e+11, -9.09951e+10
326, -2.744e+11, 9.32936e+10, 2.744e+11, -9.32936e+10
327, -2.77846e+11, 9.55861e+10, 2.77846e+11, -9.55861e+10
328, -2.81274e+11, 9.78726e+10, 2.81274e+11, -9.78726e+10
329, -2.84686e+11, 1.00153e+11, 2.84686e+11, -1.00153e+11
330, -2.88081e+11, 1.02428e+11, 2.88081e+11, -1.02428e+11
331, -2.91461e+11, 1.04697e+11, 2.91461e+11, -1.04697e+11
332, -2.94825e+11, 1.06961e+11, 2.94825e+11, -1.06961e+11
333, -2.98174e+11, 1.09219e+11, 2.98174e+11, -1.09219e+11
334, -3.01508e+11, 1.11472e+11, 3.01508e+11, -1.11472e+11
335, -3.04828e+11, 1.1372e+11, 3.04828e+11, -1.1372e+11
336, -3.08134e+11, 1.15962e+11, 3.08134e+11, -1.15962e+11
337, -3.11426e+11, 1.18199e+11, 3.11426e+11, -1.18199e+11
338, -3.14705e+11, 1.20431e+11, 3.14705e+11, -1.20431e+11
339, -3.17971e+11, 1.22658e+11, 3.17971e+11, -1.22658e+11
340, -3.21224e+11, 1.24881e+11, 3.21224e+11, -1.24881e+11
341, -3.24465e+11, 1.27098e+11, 3.24465e+11, -1.27098e+11
342, -3.27694e+11, 1.29311e+11, 3.27694e+11, -1.29311e+11
343, -3.30911e+11, 1.31519e+11, 3.30911e+11, -1.31519e+11
344, -3.34116e+11, 1.33722e+11, 3.34116e+11, -1.33722e+11
345, -3.3731e+11, 1.35921e+11, 3.3731e+11, -1.35921e+11
346, -3.40493e+11, 1.38116e+11, 3.40493e+11, -1.38116e+11
347, -3.43665e+11, 1.40306e+11, 3.43665e+11, -1.40306e+11
348, -3.46827e+11, 1.42491e+11, 3.46827e+11, -1.42491e+11
349, -3.49978e+11, 1.44673e+11, 3.49978e+11, -1.44673e+11
350, -3.53119e+11, 1.4685e+11, 3.53119e+11, -1.4685e+11
351, -3.5625e+11, 1.49023e+11, 3.5625e+11, -1.49023e+11
352, -3.59371e+11, 1.51192e+11, 3.59371e+11, -1.51192e+11
353, -3.62483e+11, 1.53357e+11, 3.62483e+11, -1.53357e+11
354, -3.65585e+11, 1.55518e+11, 3.65585e+11, -1.55518e+11
355, -3.68678e+11, 1.57675e+11, 3.68678e+11, -1.57675e+11
356, -3.71762e+11, 1.59829e+11, 3.71762e+11, -1.59829e+11
357, -3.74838e+11, 1.61978e+11, 3.74838e+11, -1.61978e+11
358, -3.77904e+11, 1.64124e+11, 3.77904e+11, -1.64124e+11
359, -3.80962e+11, 1.66266e+11, 3.80962e+11, -1.66266e+11
360, -3.84012e+11, 1.68404e+11, 3.84012e+11, -1.68404e+11
361, -3.87053e+11, 1.70539e+11, 3.87053e+11, -1.70539e+11
362, -3.90086e+11, 1.7267e+11, 3.90086e+11, -1.7267e+11
363, -3.93112e+11, 1.74797e+11, 3.93112e+11, -1.74797e+11
364, -3.96129e+11, 1.76922e+11, 3.96129e+11, -1.76922e+11
365, -3.99139e+11, 1.79042e+11, 3.99139e+11, -1.79042e+11
366, -4.02142e+11, 1.8116e+11, 4.02142e+11, -1.8116e+11
367, -4.05137e+11, 1.83274e+11, 4.05137e+11, -1.83274e+11
368, -4.08124e+11, 1.85385e+11, 4.08124e+11, -1.85385e+11
369, -4.11105e+11, 1.87492e+11, 4.11105e+11, -1.87492e+11
370, -4.14079e+11, 1.89596e+11, 4.14079e+11, -1.89596e+11
371, -4.17045e+11, 1.91698e+11, 4.17045e+11, -1.91698e+11
372, -4.20005e+11, 1.93796e+11, 4.20005e+11, -1.93796e+11
373, -4.22958e+11, 1.95891e+11, 4.22958e+11, -1.95891e+11
374, -4.25905e+11, 1.97982e+11, 4.25905e+11, -1.97982e+11
375, -4.28845e+11, 2.00071e+11, 4.28845e+11, -2.00071e+11
376, -4.31778e+11, 2.02157e+11, 4.31778e+11, -2.02157e+11
377, -4.34706e+11, 2.0424e+11, 4.34706e+11, -2.0424e+11
378, -4.37627e+11, 2.0632e+11, 4.37627e+11, -2.0632e+11
379, -4.40542e+11, 2.08397e+11, 4.40542e+11, -2.08397e+11
380, -4.43451e+11, 2.10471e+11, 4.43451e+11, -2.10471e+11
381, -4.46354e+11, 2.12543e+11, 4.46354e+11, -2.12543e+11
382, -4.49251e+11, 2.14612e+11, 4.49251e+11, -2.14612e+11
383, -4.52143e+11, 2.16678e+11, 4.52143e+11, -2.16678e+11
384, -4.55029e+11, 2.18741e+11, 4.55029e+11, -2.18741e+11
385, -4.57909e+11, 2.20801e+11, 4.57909e+11, -2.20801e+11
386, -4.60784e+11, 2.22859e+11, 4.60784e+11, -2.22859e+11
387, -4.63653e+11, 2.24915e+11, 4.63653e+11, -2.24915e+11
388, -4.66517e+11, 2.26967e+11, 4.66517e+11, -2.26967e+11
389, -4.69376e+11, 2.29017e+11, 4.69376e+11, -2.29017e+11
390, -4.7223e+11, 2.31065e+11, 4.7223e+11, -2.31065e+11
391, -4.75078e+11, 2.3311e+11, 4.75078e+11, -2.3311e+11
392, -4.77922e+11, 2.35153e+11, 4.77922e+11, -2.35153e+11
393, -4.8076e+11, 2.37193e+11, 4.8076e+11, -2.37193e+11
394, -4.83593e+11, 2.39231e+11, 4.83593e+11, -2.39231e+11
395, -4.86422e+11, 2.41266e+11, 4.86422e+11, -2.41266e+11
396, -4.89246e+11, 2.43299e+11, 4.89246e+11, -2.43299e+11
397, -4.92065e+11, 2.45329e+11, 4.92065e+11, -2.45329e+11
398, -4.94879e+11, 2.47358e+11, 4.94879e+11, -2.47358e+11
399, -4.97689e+11, 2.49384e+11, 4.97689e+11, -2.49384e+11
400, -5.00494e+11, 2.51407e+11, 5.00494e+11, -2.51407e+11
401, -5.03295e+11, 2.53429e+11, 5.03295e+11, -2.53429e+11
402, -5.06091e+11, 2.55448e+11, 5.06091e+11, -2.55448e+11
403, -5.08883e+11, 2.57465e+11, 5.08883e+11, -2.57465e+11
404, -5.11671e+11, 2.59479e+11, 5.11671e+11, -2.59479e+11
405, -5.14454e+11, 2.61492e+11, 5.14454e+11, -2.61492e+11
406, -5.17233e+11, 2.63502e+11, 5.17233e+11, -2.63502e+11
407, -5.20008e+11, 2.65511e+11, 5.20008e+11, -2.65511e+11
408, -5.22779e+11, 2.67517e+11, 5.22779e+11, -2.67517e+11
409, -5.25545e+11, 2.69521e+11, 5.25545e+11, -2.69521e+11
410, -5.28308e+11, 2.71523e+11, 5.28308e+11, -2.71523e+11
411, -5.31067e+11, 2.73523e+11, 5.31067e+11, -2.73523e+11
412, -5.33821e+11, 2.75521e+11, 5.33821e+11, -2.75521e+11
413, -5.36572e+11, 2.77517e+11, 5.36572e+11, -2.77517e+11
414, -5.39319e+11, 2.79511e+11, 5.39319e+11, -2.79511e+11
415, -5.42063e+11, 2.81503e+11, 5.42063e+11, -2.81503e+11
416, -5.44802e+11, 2.83493e+11, 5.44802e+11, -2.83493e+11
417, -5.47538e+11, 2.85481e+11, 5.47538e+11, -2.85481e+11
418, -5.5027e+11, 2.87468e+11, 5.5027e+11, -2.87468e+11
419, -5.52998e+11, 2.89452e+11, 5.52998e+11, -2.89452e+11
420, -5.55723e+11, 2.91434e+11, 5.55723e+11, -2.91434e+11
421, -5.58444e+11, 2.93415e+11, 5.58444e+11, -2.93415e+11
422, -5.61162e+11, 2.95394e+11, 5.61162e+11, -2.95394e+11
423, -5.63877e+11, 2.97371e+11, 5.63877e+11, -2.97371e+11
424, -5.66587e+11, 2.99346e+11, 5.66587e+11, -2.99346e+11
425, -5.69295e+11, 3.01319e+11, 5.69295e+11, -3.01319e+11
426, -5.71999e+11, 3.03291e+11, 5.71999e+11, -3.03291e+11
427, -5.747e+11, 3.0526e+11, 5.747e+11, -3.0526e+11
428, -5.77397e+11, 3.07228e+11, 5.77397e+11, -3.07228e+11
429, -5.80092e+11, 3.09195e+11, 5.80092e+11, -3.09195e+11
430, -5.82783e+11, 3.11159e+11, 5.82783e+11, -3.11159e+11
431, -5.85471e+11, 3.13122e+11, 5.85471e+11, -3.13122e+11
432, -5.88155e+11, 3.15083e+11, 5.88155e+11, -3.15083e+11
433, -5.90837e+11, 3.17043e+11, 5.90837e+11, -3.17043e+11
434, -5.93515e+11, 3.19e+11, 5.93515e+11, -3.19e+11
435, -5.96191e+11, 3.20957e+11, 5.96191e+11, -3.20957e+11
436, -5.98863e+11, 3.22911e+11, 5.98863e+11, -3.22911e+11
437, -6.01532e+11, 3.24864e+11, 6.01532e+11, -3.24864e+11
438, -6.04199e+11, 3.26816e+11, 6.04199e+11, -3.26816e+11
439, -6.06862e+11, 3.28765e+11, 6.06862e+11, -3.28765e+11
440, -6.09523e+11, 3.30713e+11, 6.09523e+11, -3.30713e+11
441, -6.1218e+11, 3.3266e+11, 6.1218e+11, -3.3266e+11
442, -6.14835e+11, 3.34605e+11, 6.14835e+11, -3.34605e+11
443, -6.17487e+11, 3.36549e+11, 6.17487e+11, -3.36549e+11
444, -6.20136e+11, 3.38491e+11, 6.20136e+11, -3.38491e+11
445, -6.22783e+11, 3.40431e+11, 6.22783e+11, -3.40431e+11
446, -6.25426e+11, 3.4237e+11, 6.25426e+11, -3.4237e+11
447, -6.28067e+11, 3.44307e+11, 6.28067e+11, -3.44307e+11
448, -6.30705e+11, 3.46243e+11, 6.30705e+11, -3.46243e+11
449, -6.33341e+11, 3.48178e+11, 6.33341e+11, -3.48178e+11
450, -6.35974e+11, 3.50111e+11, 6.35974e+11, -3.50111e+11
451, -6.38604e+11, 3.52043e+11, 6.38604e+11, -3.52043e+11
452, -6.41232e+11, 3.53973e+11, 6.41232e+11, -3.53973e+11
453, -6.43857e+11, 3.55902e+11, 6.43857e+11, -3.55902e+11
454, -6.46479e+11, 3.57829e+11, 6.46479e+11, -3.57829e+11
455, -6.49099e+11, 3.59755e+11, 6.49099e+11, -3.59755e+11
456, -6.51717e+11, 3.61679e+11, 6.51717e+11, -3.61679e+11
457, -6.54332e+11, 3.63603e+11, 6.54332e+11, -3.63603e+11
458, -6.56944e+11, 3.65524e+11, 6.56944e+11, -3.65524e+11
459, -6.59555e+11, 3.67445e+11, 6.59555e+11, -3.67445e+11
460, -6.62162e+11, 3.69364e+11, 6.62162e+11, -3.69364e+11
461, -6.64768e+11, 3.71282e+11, 6.64768e+11, -3.71282e+11
462, -6.67371e+11, 3.73198e+11, 6.67371e+11, -3.73198e+11
463, -6.69971e+11, 3.75113e+11, 6.69971e+11, -3.75113e+11
464, -6.72569e+11, 3.77027e+11, 6.72569e+11, -3.77027e+11
465, -6.75165e+11, 3.7894e+11, 6.75165e+11, -3.7894e+11
466, -6.77759e+11, 3.80851e+11, 6.77759e+11, -3.80851e+11
467, -6.8035e+11, 3.82761e+11, 6.8035e+11, -3.82761e+11
468, -6.82939e+11, 3.8467e+11, 6.82939e+11, -3.8467e+11
469, -6.85526e+11, 3.86577e+11, 6.85526e+11, -3.86577e+11
470, -6.88111e+11, 3.88483e+11, 6.88111e+11, -3.88483e+11
471, -6.90693e+11, 3.90388e+11, 6.90693e+11, -3.90388e+11
472, -6.93273e+11, 3.92292e+11, 6.93273e+11, -3.92292e+11
473, -6.95851e+11, 3.94194e+11, 6.95851e+11, -3.94194e+11
474, -6.98427e+11, 3.96096e+11, 6.98427e+11, -3.96096e+11
475, -7.01001e+11, 3.97996e+11, 7.01001e+11, -3.97996e+11
476, -7.03573e+11, 3.99894e+11, 7.03573e+11, -3.99894e+11
477, -7.06142e+11, 4.01792e+11, 7.06142e+11, -4.01792e+11
478, -7.0871e+11, 4.03689e+11, 7.0871e+11, -4.03689e+11
479, -7.11275e+11, 4.05584e+11, 7.11275e+11, -4.05584e+11
480, -7.13839e+11, 4.07478e+11, 7.13839e+11, -4.07478e+11
481, -7.164e+11, 4.09371e+11, 7.164e+11, -4.09371e+11
482, -7.18959e+11, 4.11263e+11, 7.18959e+11, -4.11263e+11
483, -7.21517e+11, 4.13153e+11, 7.21517e+11, -4.13153e+11
484, -7.24072e+11, 4.15043e+11, 7.24072e+11, -4.15043e+11
485, -7.26626e+11, 4.16931e+11, 7.26626e+11, -4.16931e+11
486, -7.29177e+11, 4.18819e+11, 7.29177e+11, -4.18819e+11
487, -7.31727e+11, 4.20705e+11, 7.31727e+11, -4.20705e+11
488, -7.34274e+11, 4.2259e+11, 7.34274e+11, -4.2259e+11
489, -7.3682e+11, 4.24474e+11, 7.3682e+11, -4.24474e+11
490, -7.39364e+11, 4.26357e+11, 7.39364e+11, -4.26357e+11
491, -7.41906e+11, 4.28239e+11, 7.41906e+11, -4.28239e+11
492, -7.44446e+11, 4.30119e+11, 7.44446e+11, -4.30119e+11
493, -7.46984e+11, 4.31999e+11, 7.46984e+11, -4.31999e+11
494, -7.4952e+11, 4.33878e+11, 7.4952e+11, -4.33878e+11
495, -7.52055e+11, 4.35755e+11, 7.52055e+11, -4.35755e+11
496, -7.54588e+11, 4.37632e+11, 7.54588e+11, -4.37632e+11
497, -7.57119e+11, 4.39507e+11, 7.57119e+11, -4.39507e+11
498, -7.59648e+11, 4.41382e+11, 7.59648e+11, -4.41382e+11
499, -7.62175e+11, 4.43255e+11, 7.62175e+11, -4.43255e+11
500, -7.64701e+11, 4.45127e+11, 7.64701e+11, -4.45127e+11
501, -7.67225e+11, 4.46999e+11, 7.67225e+11, -4.46999e+11
502, -7.69747e+11, 4.48869e+11, 7.69747e+11, -4.48869e+11
503, -7.72267e+11, 4.50738e+11, 7.72267e+11, -4.50738e+11
504, -7.74786e+11, 4.52607e+11, 7.74786e+11, -4.52607e+11
505, -7.77303e+11, 4.54474e+11, 7.77303e+11, -4.54474e+11
506, -7.79819e+11, 4.56341e+11, 7.79819e+11, -4.56341e+11
507, -7.82332e+11, 4.58206e+11, 7.82332e+11, -4.58206e+11
508, -7.84844e+11, 4.6007e+11, 7.84844e+11, -4.6007e+11
509, -7.87355e+11, 4.61934e+11, 7.87355e+11, -4.61934e+11
510, -7.89863e+11, 4.63796e+11, 7.89863e+11, -4.63796e+11
511, -7.92371e+11, 4.65658e+11, 7.92371e+11, -4.65658e+11
512, -7.94876e+11, 4.67519e+11, 7.94876e+11, -4.67519e+11
513, -7.9738e+11, 4.69378e+11, 7.9738e+11, -4.69378e+11
514, -7.99882e+11, 4.71237e+11, 7.99882e+11, -4.71237e+11
515, -8.02383e+11, 4.73095e+11, 8.02383e+11, -4.73095e+11
516, -8.04882e+11, 4.74952e+11, 8.04882e+11, -4.74952e+11
517, -8.0738e+11, 4.76808e+11, 8.0738e+11, -4.76808e+11
518, -8.09876e+11, 4.78663e+11, 8.09876e+11, -4.78663e+11
519, -8.12371e+11, 4.80517e+11, 8.12371e+11, -4.80517e+11
520, -8.14864e+11, 4.8237e+11, 8.14864e+11, -4.8237e+11
521, -8.17355e+11, 4.84223e+11, 8.17355e+11, -4.84223e+11
522, -8.19845e+11, 4.86074e+11, 8.19845e+11, -4.86074e+11
523, -8.22334e+11, 4.87925e+11, 8.22334e+11, -4.87925e+11
524, -8.24821e+11, 4.89774e+11, 8.24821e+11, -4.89774e+11
525, -8.27307e+11, 4.91623e+11, 8.27307e+11, -4.91623e+11
526, -8.29791e+11, 4.93471e+11, 8.29791e+11, -4.93471e+11
527, -8.32273e+11, 4.95318e+11, 8.32273e+11, -4.95318e+11
528, -8.34754e+11, 4.97164e+11, 8.34754e+11, -4.97164e+11
529, -8.37234e+11, 4.9901e+11, 8.37234e+11, -4.9901e+11
530, -8.39713e+11, 5.00854e+11, 8.39713e+11, -5.00854e+11
531, -8.42189e+11, 5.02698e+11, 8.42189e+11, -5.02698e+11
532, -8.44665e+11, 5.04541e+11, 8.44665e+11, -5.04541e+11
533, -8.47139e+11, 5.06383e+11, 8.47139e+11, -5.06383e+11
534, -8.49612e+11, 5.08224e+11, 8.49612e+11, -5.08224e+11
535, -8.52083e+11, 5.10064e+11, 8.52083e+11, -5.10064e+11
536, -8.54553e+11, 5.11904e+11, 8.54553e+11, -5.11904e+11
537, -8.57022e+11, 5.13742e+11, 8.57022e+11, -5.13742e+11
538, -8.59489e+11, 5.1558e+11, 8.59489e+11, -5.1558e+11
539, -8.61955e+11, 5.17417e+11, 8.61955e+11, -5.17417e+11
540, -8.64419e+11, 5.19254e+11, 8.64419e+11, -5.19254e+11
541, -8.66883e+11, 5.21089e+11, 8.66883e+11, -5.21089e+11
542, -8.69345e+11, 5.22924e+11, 8.69345e+11, -5.22924e+11
543, -8.71805e+11, 5.24758e+11, 8.71805e+11, -5.24758e+11
544, -8.74264e+11, 5.26591e+11, 8.74264e+11, -5.26591e+11
545, -8.76722e+11, 5.28423e+11, 8.76722e+11, -5.28423e+11
546, -8.79179e+11, 5.30255e+11, 8.79179e+11, -5.30255e+11
547, -8.81635e+11, 5.32085e+11, 8.81635e+11, -5.32085e+11
548, -8.84089e+11, 5.33915e+11, 8.84089e+11, -5.33915e+11
549, -8.86542e+11, 5.35745e+11, 8.86542e+11, -5.35745e+11
550, -8.88993e+11, 5.37573e+11, 8.88993e+11, -5.37573e+11
551, -8.91443e+11, 5.39401e+11, 8.91443e+11, -5.39401e+11
552, -8.93893e+11, 5.41228e+11, 8.93893e+11, -5.41228e+11
553, -8.9634e+11, 5.43054e+11, 8.9634e+11, -5.43054e+11
554, -8.98787e+11, 5.44879e+11, 8.98787e+11, -5.44879e+11
555, -9.01233e+11, 5.46704e+11, 9.01233e+11, -5.46704e+11
556, -9.03677e+11, 5.48528e+11, 9.03677e+11, -5.48528e+11
557, -9.0612e+11, 5.50351e+11, 9.0612e+11, -5.50351e+11
558, -9.08562e+11, 5.52174e+11, 9.08562e+11, -5.52174e+11
559, -9.11002e+11, 5.53996e+11, 9.11002e+11, -5.53996e+11
560, -9.13442e+11, 5.55817e+11, 9.13442e+11, -5.55817e+11
561, -9.1588e+11, 5.57637e+11, 9.1588e+11, -5.57637e+11
562, -9.18317e+11, 5.59457e+11, 9.18317e+11, -5.59457e+11
563, -9.20753e+11, 5.61276e+11, 9.20753e+11, -5.61276e+11
564, -9.23188e+11, 5.63094e+11, 9.23188e+11, -5.63094e+11
565, -9.25621e+11, 5.64911e+11, 9.25621e+11, -5.64911e+11
566, -9.28054e+11, 5.66728e+11, 9.28054e+11, -5.66728e+11
567, -9.30485e+11, 5.68544e+11, 9.30485e+11, -5.68544e+11
568, -9.32915e+11, 5.7036e+11, 9.32915e+11, -5.7036e+11
569, -9.35344e+11, 5.72175e+11, 9.35344e+11, -5.72175e+11
570, -9.37772e+11, 5.73989e+11, 9.37772e+11, -5.73989e+11
571, -9.40199e+11, 5.75802e+11, 9.40199e+11, -5.75802e+11
572, -9.42625e+11, 5.77615e+11, 9.42625e+11, -5.77615e+11
573, -9.45049e+11, 5.79427e+11, 9.45049e+11, -5.79427e+11
574, -9.47473e+11, 5.81238e+11, 9.47473e+11, -5.81238e+11
575, -9.49895e+11, 5.83049e+11, 9.49895e+11, -5.83049e+11
576, -9.52317e+11, 5.84859e+11, 9.52317e+11, -5.84859e+11
577, -9.54737e+11, 5.86668e+11, 9.54737e+11, -5.86668e+11
578, -9.57156e+11, 5.88477e+11, 9.57156e+11, -5.88477e+11
579, -9.59574e+11, 5.90285e+11, 9.59574e+11, -5.90285e+11
580, -9.61991e+11, 5.92092e+11, 9.61991e+11, -5.92092e+11
581, -9.64407e+11, 5.93899e+11, 9.64407e+11, -5.93899e+11
582, -9.66822e+11, 5.95705e+11, 9.66822e+11, -5.95705e+11
583, -9.69236e+11, 5.97511e+11, 9.69236e+11, -5.97511e+11
584, -9.71649e+11, 5.99315e+11, 9.71649e+11, -5.99315e+11
585, -9.74061e+11, 6.0112e+11, 9.74061e+11, -6.0112e+11
586, -9.76472e+11, 6.02923e+11, 9.76472e+11, -6.02923e+11
587, -9.78881e+11, 6.04726e+11, 9.78881e+11, -6.04726e+11
588, -9.8129e+11, 6.06528e+11, 9.8129e+11, -6.06528e+11
589, -9.83698e+11, 6.0833e+11, 9.83698e+11, -6.0833e+11
590, -9.86105e+11, 6.10131e+11, 9.86105e+11, -6.10131e+11
591, -9.88511e+11, 6.11932e+11, 9.88511e+11, -6.11932e+11
592, -9.90915e+11, 6.13731e+11, 9.90915e+11, -6.13731e+11
593, -9.93319e+11, 6.15531e+11, 9.93319e+11, -6.15531e+11
594, -9.95722e+11, 6.17329e+11, 9.95722e+11, -6.17329e+11
595, -9.98124e+11, 6.19127e+11, 9.98124e+11, -6.19127e+11
596, -1.00052e+12, 6.20925e+11, 1.00052e+12, -6.20925e+11
597, -1.00292e+12, 6.22721e+11, 1.00292e+12, -6.22721e+11
598, -1.00532e+12, 6.24518e+11, 1.00532e+12, -6.24518e+11
599, -1.00772e+12, 6.26313e+11, 1.00772e+12, -6.26313e+11
600, -1.01012e+12, 6.28108e+11, 1.01012e+12, -6.28108e+11
601, -1.01251e+12, 6.29903e+11, 1.01251e+12, -6.29903e+11
602, -1.01491e+12, 6.31696e+11, 1.01491e+12, -6.31696e+11
603, -1.0173e+12, 6.3349e+11, 1.0173e+12, -6.3349e+11
604, -1.0197e+12, 6.35282e+11, 1.0197e+12, -6.35282e+11
605, -1.02209e+12, 6.37074e+11, 1.02209e+12, -6.37074e+11
606, -1.02448e+12, 6.38866e+11, 1.02448e+12, -6.38866e+11
607, -1.02687e+12, 6.40657e+11, 1.02687e+12, -6.40657e+11
608, -1.02926e+12, 6.42447e+11, 1.02926e+12, -6.42447e+11
609, -1.03165e+12, 6.44237e+11, 1.03165e+12, -6.44237e+11
610, -1.03404e+12, 6.46026e+11, 1.03404e+12, -6.46026e+11
611, -1.03642e+12, 6.47815e+11, 1.03642e+12, -6.47815e+11
612, -1.03881e+12, 6.49603e+11, 1.03881e+12, -6.49603e+11
613, -1.0412e+12, 6.51391e+11, 1.0412e+12, -6.51391e+11
614, -1.04358e+12, 6.53178e+11, 1.04358e+12, -6.53178e+11
615, -1.04596e+12, 6.54964e+11, 1.04596e+12, -6.54964e+11
616, -1.04835e+12, 6.5675e+11, 1.04835e+12, -6.5675e+11
617, -1.05073e+12, 6.58535e+11, 1.05073e+12, -6.58535e+11
618, -1.05311e+12, 6.6032e+11, 1.05311e+12, -6.6032e+11
619, -1.05549e+12, 6.62104e+11, 1.05549e+12, -6.62104e+11
620, -1.05787e+12, 6.63888e+11, 1.05787e+12, -6.63888e+11
621, -1.06024e+12, 6.65671e+11, 1.06024e+12, -6.65671e+11
622, -1.06262e+12, 6.67454e+11, 1.06262e+12, -6.67454e+11
623, -1.065e+12, 6.69236e+11, 1.065e+12, -6.69236e+11
624, -1.06737e+12, 6.71018e+11, 1.06737e+12, -6.71018e+11
625, -1.06975e+12, 6.72799e+11, 1.06975e+12, -6.72799e+11
626, -1.07212e+12, 6.74579e+11, 1.07212e+12, -6.74579e+11
627, -1.0745e+12, 6.76359e+11, 1.0745e+12, -6.76359e+11
628, -1.07687e+12, 6.78139e+11, 1.07687e+12, -6.78139e+11
629, -1.07924e+12, 6.79918e+11, 1.07924e+12, -6.79918e+11
630, -1.08161e+12, 6.81696e+11, 1.08161e+12, -6.81696e+11
631, -1.08398e+12, 6.83474e+11, 1.08398e+12, -6.83474e+11
632, -1.08635e+12, 6.85252e+11, 1.08635e+12, -6.85252e+11
633, -1.08872e+12, 6.87028e+11, 1.08872e+12, -6.87028e+11
634, -1.09108e+12, 6.88805e+11, 1.09108e+12, -6.88805e+11
635, -1.09345e+12, 6.90581e+11, 1.09345e+12, -6.90581e+11
636, -1.09582e+12, 6.92356e+11, 1.09582e+12, -6.92356e+11
637, -1.09818e+12, 6.94131e+11, 1.09818e+12, -6.94131e+11
638, -1.10055e+12, 6.95905e+11, 1.10055e+12, -6.95905e+11
639, -1.10291e+12, 6.97679e+11, 1.10291e+12, -6.97679e+11
640, -1.10527e+12, 6.99453e+11, 1.10527e+12, -6.99453e+11
641, -1.10763e+12, 7.01226e+11, 1.10763e+12, -7.01226e+11
642, -1.10999e+12, 7.02998e+11, 1.10999e+12, -7.02998e+11
643, -1.11235e+12, 7.0477e+11, 1.11235e+12, -7.0477e+11
644, -1.11471e+12, 7.06541e+11, 1.11471e+12, -7.06541e+11
645, -1.11707e+12, 7.08312e+11, 1.11707e+12, -7.08312e+11
646, -1.11943e+12, 7.10083e+11, 1.11943e+12, -7.10083e+11
647, -1.12179e+12, 7.11853e+11, 1.12179e+12, -7.11853e+11
648, -1.12414e+12, 7.13622e+11, 1.12414e+12, -7.13622e+11
649, -1.1265e+12, 7.15391e+11, 1.1265e+12, -7.15391e+11
650, -1.12885e+12, 7.1716e+11, 1.12885e+12, -7.1716e+11
651, -1.13121e+12, 7.18928e+11, 1.13121e+12, -7.18928e+11
652, -1.13356e+12, 7.20696e+11, 1.13356e+12, -7.20696e+11
653, -1.13591e+12, 7.22463e+11, 1.13591e+12, -7.22463e+11
654, -1.13827e+12, 7.24229e+11, 1.13827e+12, -7.24229e+11
655, -1.14062e+12, 7.25996e+11, 1.14062e+12, -7.25996e+11
656, -1.14297e+12, 7.27761e+11, 1.14297e+12, -7.27761e+11
657, -1.14532e+12, 7.29527e+11, 1.14532e+12, -7.29527e+11
658, -1.14767e+12, 7.31291e+11, 1.14767e+12, -7.31291e+11
659, -1.15002e+12, 7.33056e+11, 1.15002e+12, -7.33056e+11
660, -1.15236e+12, 7.3482e+11, 1.15236e+12, -7.3482e+11
661, -1.15471e+12, 7.36583e+11, 1.15471e+12, -7.36583e+11
662, -1.15706e+12, 7.38346e+11, 1.15706e+12, -7.38346e+11
663, -1.1594e+12, 7.40109e+11, 1.1594e+12, -7.40109e+11
664, -1.16175e+12, 7.41871e+11, 1.16175e+12, -7.41871e+11
665, -1.16409e+12, 7.43633e+11, 1.16409e+12, -7.43633e+11
666, -1.16643e+12, 7.45394e+11, 1.16643e+12, -7.45394e+11
667, -1.16878e+12, 7.47155e+11, 1.16878e+12, -7.47155e+11
668, -1.17112e+12, 7.48915e+11, 1.17112e+12, -7.48915e+11
669, -1.17346e+12, 7.50675e+11, 1.17346e+12, -7.50675e+11
670, -1.1758e+12, 7.52434e+11, 1.1758e+12, -7.52434e+11
671, -1.17814e+12, 7.54193e+11, 1.17814e+12, -7.54193e+11
672, -1.18048e+12, 7.55952e+11, 1.18048e+12, -7.55952e+11
673, -1.18282e+12, 7.5771e+11, 1.18282e+12, -7.5771e+11
674, -1.18516e+12, 7.59468e+11, 1.18516e+12, -7.59468e+11
675, -1.18749e+12, 7.61225e+11, 1.18749e+12, -7.61225e+11
676, -1.18983e+12, 7.62982e+11, 1.18983e+12, -7.62982e+11
677, -1.19217e+12, 7.64738e+11, 1.19217e+12, -7.64738e+11
678, -1.1945e+12, 7.66494e+11, 1.1945e+12, -7.66494e+11
679, -1.19684e+12, 7.6825e+11, 1.19684e+12, -7.6825e+11
680, -1.19917e+12, 7.70005e+11, 1.19917e+12, -7.70005e+11
681, -1.2015e+12, 7.7176e+11, 1.2015e+12, -7.7176e+11
682, -1.20384e+12, 7.73514e+11, 1.20384e+12, -7.73514e+11
683, -1.20617e+12, 7.75268e+11, 1.20617e+12, -7.75268e+11
684, -1.2085e+12, 7.77021e+11, 1.2085e+12, -7.77021e+11
685, -1.21083e+12, 7.78774e+11, 1.21083e+12, -7.78774e+11
686, -1.21316e+12, 7.80527e+11, 1.21316e+12, -7.80527e+11
687, -1.21549e+12, 7.82279e+11, 1.21549e+12, -7.82279e+11
688, -1.21782e+12, 7.84031e+11, 1.21782e+12, -7.84031e+11
689, -1.22015e+12, 7.85783e+11, 1.22015e+12, -7.85783e+11
690, -1.22247e+12, 7.87534e+11, 1.22247e+12, -7.87534e+11
691, -1.2248e+12, 7.89284e+11, 1.2248e+12, -7.89284e+11
692, -1.22713e+12, 7.91034e+11, 1.22713e+12, -7.91034e+11
693, -1.22945e+12, 7.92784e+11, 1.22945e+12, -7.92784e+11
694, -1.23178e+12, 7.94534e+11, 1.23178e+12, -7.94534e+11
695, -1.2341e+12, 7.96283e+11, 1.2341e+12, -7.96283e+11
696, -1.23643e+12, 7.98031e+11, 1.23643e+12, -7.98031e+11
697, -1.23875e+12, 7.9978e+11, 1.23875e+12, -7.9978e+11
698, -1.24107e+12, 8.01527e+11, 1.24107e+12, -8.01527e+11
699, -1.24339e+12, 8.03275e+11, 1.24339e+12, -8.03275e+11
700, -1.24572e+12, 8.05022e+11, 1.24572e+12, -8.05022e+11
701, -1.24804e+12, 8.06769e+11, 1.24804e+12, -8.06769e+11
702, -1.25036e+12, 8.08515e+11, 1.25036e+12, -8.08515e+11
703, -1.25268e+12, 8.10261e+11, 1.25268e+12, -8.10261e+11
704, -1.255e+12, 8.12006e+11, 1.255e+12, -8.12006e+11
705, -1.25731e+12, 8.13751e+11, 1.25731e+12, -8.13751e+11
706, -1.25963e+12, 8.15496e+11, 1.25963e+12, -8.15496e+11
707, -1.26195e+12, 8.1724e+11, 1.26195e+12, -8.1724e+11
708, -1.26427e+12, 8.18984e+11, 1.26427e+12, -8.18984e+11
709, -1.26658e+12, 8.20728e+11, 1.26658e+12, -8.20728e+11
710, -1.2689e+12, 8.22471e+11, 1.2689e+12, -8.22471e+11
711, -1.27121e+12, 8.24214e+11, 1.27121e+12, -8.24214e+11
712, -1.27353e+12, 8.25957e+11, 1.27353e+12, -8.25957e+11
713, -1.27584e+12, 8.27699e+11, 1.27584e+12, -8.27699e+11
714, -1.27815e+12, 8.2944e+11, 1.27815e+12, -8.2944e+11
715, -1.28047e+12, 8.31182e+11, 1.28047e+12, -8.31182e+11
716, -1.28278e+12, 8.32923e+11, 1.28278e+12, -8.32923e+11
717, -1.28509e+12, 8.34663e+11, 1.28509e+12, -8.34663e+11
718, -1.2874e+12, 8.36404e+11, 1.2874e+12, -8.36404e+11
719, -1.28971e+12, 8.38143e+11, 1.28971e+12, -8.38143e+11
720, -1.29202e+12, 8.39883e+11, 1.29202e+12, -8.39883e+11
721, -1.29433e+12, 8.41622e+11, 1.29433e+12, -8.41622e+11
722, -1.29664e+12, 8.43361e+11, 1.29664e+12, -8.43361e+11
723, -1.29895e+12, 8.45099e+11, 1.29895e+12, -8.45099e+11
724, -1.30125e+12, 8.46837e+11, 1.30125e+12, -8.46837e+11
725, -1.30356e+12, 8.48575e+11, 1.30356e+12, -8.48575e+11
726, -1.30587e+12, 8.50313e+11, 1.30587e+12, -8.50313e+11
727, -1.30817e+12, 8.5205e+11, 1.30817e+12, -8.5205e+11
728, -1.31048e+12, 8.53786e+11, 1.31048e+12, -8.53786e+11
729, -1.31278e+12, 8.55523e+11, 1.31278e+12, -8.55523e+11
730, -1.31509e+12, 8.57258e+11, 1.31509e+12, -8.57258e+11
731, -1.31739e+12, 8.58994e+11, 1.31739e+12, -8.58994e+11
732, -1.31969e+12, 8.60729e+11, 1.31969e+12, -8.60729e+11
733, -1.322e+12, 8.62464e+11, 1.322e+12, -8.62464e+11
734, -1.3243e+12, 8.64199e+11, 1.3243e+12, -8.64199e+11
735, -1.3266e+12, 8.65933e+11, 1.3266e+12, -8.65933e+11
736, -1.3289e+12, 8.67667e+11, 1.3289e+12, -8.67667e+11
737, -1.3312e+12, 8.694e+11, 1.3312e+12, -8.694e+11
738, -1.3335e+12, 8.71134e+11, 1.3335e+12, -8.71134e+11
739, -1.3358e+12, 8.72867e+11, 1.3358e+12, -8.72867e+11
740, -1.3381e+12, 8.74599e+11, 1.3381e+12, -8.74599e+11
741, -1.3404e+12, 8.76331e+11, 1.3404e+12, -8.76331e+11
742, -1.3427e+12, 8.78063e+11, 1.3427e+12, -8.78063e+11
743, -1.34499e+12, 8.79795e+11, 1.34499e+12, -8.79795e+11
744, -1.34729e+12, 8.81526e+11, 1.34729e+12, -8.81526e+11
745, -1.34959e+12, 8.83257e+11, 1.34959e+12, -8.83257e+11
746, -1.35188e+12, 8.84987e+11, 1.35188e+12, -8.84987e+11
747, -1.35418e+12, 8.86717e+11, 1.35418e+12, -8.86717e+11
748, -1.35647e+12, 8.88447e+11, 1.35647e+12, -8.88447e+11
749, -1.35877e+12, 8.90177e+11, 1.35877e+12, -8.90177e+11
750, -1.36106e+12, 8.91906e+11, 1.36106e+12, -8.91906e+11
751, -1.36336e+12, 8.93635e+11, 1.36336e+12, -8.93635e+11
752, -1.36565e+12, 8.95363e+11, 1.36565e+12, -8.95363e+11
753, -1.36794e+12, 8.97091e+11, 1.36794e+12, -8.97091e+11
754, -1.37023e+12, 8.98819e+11, 1.37023e+12, -8.98819e+11
755, -1.37252e+12, 9.00547e+11, 1.37252e+12, -9.00547e+11
756, -1.37482e+12, 9.02274e+11, 1.37482e+12, -9.02274e+11
757, -1.37711e+12, 9.04001e+11, 1.37711e+12, -9.04001e+11
758, -1.3794e+12, 9.05728e+11, 1.3794e+12, -9.05728e+11
759, -1.38169e+12, 9.07454e+11, 1.38169e+12, -9.07454e+11
760, -1.38397e+12, 9.0918e+11, 1.38397e+12, -9.0918e+11
761, -1.38626e+12, 9.10905e+11, 1.38626e+12, -9.10905e+11
762, -1.38855e+12, 9.12631e+11, 1.38855e+12, -9.12631e+11
763, -1.39084e+12, 9.14356e+11, 1.39084e+12, -9.14356e+11
764, -1.39313e+12, 9.16081e+11, 1.39313e+12, -9.16081e+11
765, -1.39541e+12, 9.17805e+11, 1.39541e+12, -9.17805e+11
766, -1.3977e+12, 9.19529e+11, 1.3977e+12, -9.19529e+11
767, -1.39998e+12, 9.21253e+11, 1.39998e+12, -9.21253e+11
768, -1.40227e+12, 9.22976e+11, 1.40227e+12, -9.22976e+11
769, -1.40455e+12, 9.24699e+11, 1.40455e+12, -9.24699e+11
770, -1.40684e+12, 9.26422e+11, 1.40684e+12, -9.26422e+11
771, -1.40912e+12, 9.28145e+11, 1.40912e+12, -9.28145e+11
772, -1.41141e+12, 9.29867e+11, 1.41141e+12, -9.29867e+11
773, -1.41369e+12, 9.31589e+11, 1.41369e+12, -9.31589e+11
774, -1.41597e+12, 9.33311e+11, 1.41597e+12, -9.33311e+11
775, -1.41825e+12, 9.35032e+11, 1.41825e+12, -9.35032e+11
776, -1.42053e+12, 9.36753e+11, 1.42053e+12, -9.36753e+11
777, -1.42282e+12, 9.38474e+11, 1.42282e+12, -9.38474e+11
778, -1.4251e+12, 9.40194e+11, 1.4251e+12, -9.40194e+11
779, -1.42738e+12, 9.41914e+11, 1.42738e+12, -9.41914e+11
780, -1.42966e+12, 9.43634e+11, 1.42966e+12, -9.43634e+11
781, -1.43194e+12, 9.45354e+11, 1.43194e+12, -9.45354e+11
782, -1.43421e+12, 9.47073e+11, 1.43421e+12, -9.47073e+11
783, -1.43649e+12, 9.48792e+11, 1.43649e+12, -9.48792e+11
784, -1.43877e+12, 9.5051e+11, 1.43877e+12, -9.5051e+11
785, -1.44105e+12, 9.52229e+11, 1.44105e+12, -9.52229e+11
786, -1.44332e+12, 9.53947e+11, 1.44332e+12, -9.53947e+11
787, -1.4456e+12, 9.55665e+11, 1.4456e+12, -9.55665e+11
788, -1.44788e+12, 9.57382e+11, 1.44788e+12, -9.57382e+11
789, -1.45015e+12, 9.59099e+11, 1.45015e+12, -9.59099e+11
790, -1.45243e+12, 9.60816e+11, 1.45243e+12, -9.60816e+11
791, -1.4547e+12, 9.62533e+11, 1.4547e+12, -9.62533e+11
792, -1.45698e+12, 9.64249e+11, 1.45698e+12, -9.64249e+11
793, -1.45925e+12, 9.65965e+11, 1.45925e+12, -9.65965e+11
794, -1.46153e+12, 9.67681e+11, 1.46153e+12, -9.67681e+11
795, -1.4638e+12, 9.69397e+11, 1.4638e+12, -9.69397e+11
796, -1.46607e+12, 9.71112e+11, 1.46607e+12, -9.71112e+11
797, -1.46834e+12, 9.72827e+11, 1.46834e+12, -9.72827e+11
798, -1.47062e+12, 9.74541e+11, 1.47062e+12, -9.74541e+11
799, -1.47289e+12, 9.76256e+11, 1.47289e+12, -9.76256e+11
800, -1.47516e+12, 9.7797e+11, 1.47516e+12, -9.7797e+11
801, -1.47743e+12, 9.79684e+11, 1.47743e+12, -9.79684e+11
802, -1.4797e+12, 9.81397e+11, 1.4797e+12, -9.81397e+11
803, -1.48197e+12, 9.8311e+11, 1.48197e+12, -9.8311e+11
804, -1.48424e+12, 9.84823e+11, 1.48424e+12, -9.84823e+11
805, -1.48651e+12, 9.86536e+11, 1.48651e+12, -9.86536e+11
806, -1.48877e+12, 9.88248e+11, 1.48877e+12, -9.88248e+11
807, -1.49104e+12, 9.89961e+11, 1.49104e+12, -9.89961e+11
808, -1.49331e+12, 9.91672e+11, 1.49331e+12, -9.91672e+11
809, -1.49558e+12, 9.93384e+11, 1.49558e+12, -9.93384e+11
810, -1.49784e+12, 9.95095e+11, 1.49784e+12, -9.95095e+11
811, -1.50011e+12, 9.96806e+11, 1.50011e+12, -9.96806e+11
812, -1.50238e+12, 9.98517e+11, 1.50238e+12, -9.98517e+11
813, -1.50464e+12, 1.00023e+12, 1.50464e+12, -1.00023e+12
814, -1.50691e+12, 1.00194e+12, 1.50691e+12, -1.00194e+12
815, -1.50917e+12, 1.00365e+12, 1.50917e+12, -1.00365e+12
816, -1.51144e+12, 1.00536e+12, 1.51144e+12, -1.00536e+12
817, -1.5137e+12, 1.00707e+12, 1.5137e+12, -1.00707e+12
818, -1.51596e+12, 1.00878e+12, 1.51596e+12, -1.00878e+12
819, -1.51823e+12, 1.01049e+12, 1.51823e+12, -1.01049e+12
820, -1.52049e+12, 1.01219e+12, 1.52049e+12, -1.01219e+12
821, -1.52275e+12, 1.0139e+12, 1.52275e+12, -1.0139e+12
822, -1.52502e+12, 1.01561e+12, 1.52502e+12, -1.01561e+12
823, -1.52728e+12, 1.01732e+12, 1.52728e+12, -1.01732e+12
824, -1.52954e+12, 1.01903e+12, 1.52954e+12, -1.01903e+12
825, -1.5318e+12, 1.02073e+12, 1.5318e+12, -1.02073e+12
826, -1.53406e+12, 1.02244e+12, 1.53406e+12, -1.02244e+12
827, -1.53632e+12, 1.02415e+12, 1.53632e+12, -1.02415e+12
828, -1.53858e+12, 1.02585e+12, 1.53858e+12, -1.02585e+12
829, -1.54084e+12, 1.02756e+12, 1.54084e+12, -1.02756e+12
830, -1.5431e+12, 1.02927e+12, 1.5431e+12, -1.02927e+12
831, -1.54536e+12, 1.03097e+12, 1.54536e+12, -1.03097e+12
832, -1.54761e+12, 1.03268e+12, 1.54761e+12, -1.03268e+12
833, -1.54987e+12, 1.03438e+12, 1.54987e+12, -1.03438e+12
834, -1.55213e+12, 1.03609e+12, 1.55213e+12, -1.03609e+12
835, -1.55439e+12, 1.03779e+12, 1.55439e+12, -1.03779e+12
836, -1.55664e+12, 1.0395e+12, 1.55664e+12, -1.0395e+12
837, -1.5589e+12, 1.0412e+12, 1.5589e+12, -1.0412e+12
838, -1.56116e+12, 1.04291e+12, 1.56116e+12, -1.04291e+12
839, -1.56341e+12, 1.04461e+12, 1.56341e+12, -1.04461e+12
840, -1.56567e+12, 1.04631e+12, 1.56567e+12, -1.04631e+12
841, -1.56792e+12, 1.04802e+12, 1.56792e+12, -1.04802e+12
842, -1.57018e+12, 1.04972e+12, 1.57018e+12, -1.04972e+12
843, -1.57243e+12, 1.05142e+12, 1.57243e+12, -1.05142e+12
844, -1.57468e+12, 1.05313e+12, 1.57468e+12, -1.05313e+12
845, -1.57694e+12, 1.05483e+12, 1.57694e+12, -1.05483e+12
846, -1.57919e+12, 1.05653e+12, 1.57919e+12, -1.05653e+12
847, -1.58144e+12, 1.05823e+12, 1.58144e+12, -1.05823e+12
848, -1.5837e+12, 1.05993e+12, 1.5837e+12, -1.05993e+12
849, -1.58595e+12, 1.06163e+12, 1.58595e+12, -1.06163e+12
850, -1.5882e+12, 1.06334e+12, 1.5882e+12, -1.06334e+12
851, -1.59045e+12, 1.06504e+12, 1.59045e+12, -1.06504e+12
852, -1.5927e+12, 1.06674e+12, 1.5927e+12, -1.06674e+12
853, -1.59495e+12, 1.06844e+12, 1.59495e+12, -1.06844e+12
854, -1.5972e+12, 1.07014e+12, 1.5972e+12, -1.07014e+12
855, -1.59945e+12, 1.07184e+12, 1.59945e+12, -1.07184e+12
856, -1.6017e+12, 1.07354e+12, 1.6017e+12, -1.07354e+12
857, -1.60395e+12, 1.07524e+12, 1.60395e+12, -1.07524e+12
858, -1.6062e+12, 1.07694e+12, 1.6062e+12, -1.07694e+12
859, -1.60845e+12, 1.07863e+12, 1.60845e+12, -1.07863e+12
860, -1.61069e+12, 1.08033e+12, 1.61069e+12, -1.08033e+12
861, -1.61294e+12, 1.08203e+12, 1.61294e+12, -1.08203e+12
862, -1.61519e+12, 1.08373e+12, 1.61519e+12, -1.08373e+12
863, -1.61744e+12, 1.08543e+12, 1.61744e+12, -1.08543e+12
864, -1.61968e+12, 1.08713e+12, 1.61968e+12, -1.08713e+12
865, -1.62193e+12, 1.08882e+12, 1.62193e+12, -1.08882e+12
866, -1.62418e+12, 1.09052e+12, 1.62418e+12, -1.09052e+12
867, -1.62642e+12, 1.09222e+12, 1.62642e+12, -1.09222e+12
868, -1.62867e+12, 1.09392e+12, 1.62867e+12, -1.09392e+12
869, -1.63091e+12, 1.09561e+12, 1.63091e+12, -1.09561e+12
870, -1.63316e+12, 1.09731e+12, 1.63316e+12, -1.09731e+12
871, -1.6354e+12, 1.099e+12, 1.6354e+12, -1.099e+12
872, -1.63764e+12, 1.1007e+12, 1.63764e+12, -1.1007e+12
873, -1.63989e+12, 1.1024e+12, 1.63989e+12, -1.1024e+12
874, -1.64213e+12, 1.10409e+12, 1.64213e+12, -1.10409e+12
875, -1.64437e+12, 1.10579e+12, 1.64437e+12, -1.10579e+12
876, -1.64662e+12, 1.10748e+12, 1.64662e+12, -1.10748e+12
877, -1.64886e+12, 1.10918e+12, 1.64886e+12, -1.10918e+12
878, -1.6511e+12, 1.11087e+12, 1.6511e+12, -1.11087e+12
879, -1.65334e+12, 1.11257e+12, 1.65334e+12, -1.11257e+12
880, -1.65558e+12, 1.11426e+12, 1.65558e+12, -1.11426e+12
881, -1.65782e+12, 1.11595e+12, 1.65782e+12, -1.11595e+12
882, -1.66006e+12, 1.11765e+12, 1.66006e+12, -1.11765e+12
883, -1.6623e+12, 1.11934e+12, 1.6623e+12, -1.11934e+12
884, -1.66454e+12, 1.12104e+12, 1.66454e+12, -1.12104e+12
885, -1.66678e+12, 1.12273e+12, 1.66678e+12, -1.12273e+12
886, -1.66902e+12, 1.12442e+12, 1.66902e+12, -1.12442e+12
887, -1.67126e+12, 1.12611e+12, 1.67126e+12, -1.12611e+12
888, -1.6735e+12, 1.12781e+12, 1.6735e+12, -1.12781e+12
889, -1.67574e+12, 1.1295e+12, 1.67574e+12, -1.1295e+12
890, -1.67798e+12, 1.13119e+12, 1.67798e+12, -1.13119e+12
891, -1.68021e+12, 1.13288e+12, 1.68021e+12, -1.13288e+12
892, -1.68245e+12, 1.13457e+12, 1.68245e+12, -1.13457e+12
893, -1.68469e+12, 1.13627e+12, 1.68469e+12, -1.13627e+12
894, -1.68693e+12, 1.13796e+12, 1.68693e+12, -1.13796e+12
895, -1.68916e+12, 1.13965e+12, 1.68916e+12, -1.13965e+12
896, -1.6914e+12, 1.14134e+12, 1.6914e+12, -1.14134e+12
897, -1.69363e+12, 1.14303e+12, 1.69363e+12, -1.14303e+12
898, -1.69587e+12, 1.14472e+12, 1.69587e+12, -1.14472e+12
899, -1.6981e+12, 1.14641e+12, 1.6981e+12, -1.14641e+12
900, -1.70034e+12, 1.1481e+12, 1.70034e+12, -1.1481e+12
901, -1.70257e+12, 1.14979e+12, 1.70257e+12, -1.14979e+12
902, -1.70481e+12, 1.15148e+12, 1.70481e+12, -1.15148e+12
903, -1.70704e+12, 1.15317e+12, 1.70704e+12, -1.15317e+12
904, -1.70928e+12, 1.15486e+12, 1.70928e+12, -1.15486e+12
905, -1.71151e+12, 1.15655e+12, 1.71151e+12, -1.15655e+12
906, -1.71374e+12, 1.15823e+12, 1.71374e+12, -1.15823e+12
907, -1.71597e+12, 1.15992e+12, 1.71597e+12, -1.15992e+12
908, -1.71821e+12, 1.16161e+12, 1.71821e+12, -1.16161e+12
909, -1.72044e+12, 1.1633e+12, 1.72044e+12, -1.1633e+12
910, -1.72267e+12, 1.16499e+12, 1.72267e+12, -1.16499e+12
911, -1.7249e+12, 1.16667e+12, 1.7249e+12, -1.16667e+12
912, -1.72713e+12, 1.16836e+12, 1.72713e+12, -1.16836e+12
913, -1.72936e+12, 1.17005e+12, 1.72936e+12, -1.17005e+12
914, -1.73159e+12, 1.17174e+12, 1.73159e+12, -1.17174e+12
915, -1.73382e+12, 1.17342e+12, 1.73382e+12, -1.17342e+12
916, -1.73605e+12, 1.17511e+12, 1.73605e+12, -1.17511e+12
917, -1.73828e+12, 1.1768e+12, 1.73828e+12, -1.1768e+12
918, -1.74051e+12, 1.17848e+12, 1.74051e+12, -1.17848e+12
919, -1.74274e+12, 1.18017e+12, 1.74274e+12, -1.18017e+12
920, -1.74497e+12, 1.18185e+12, 1.74497e+12, -1.18185e+12
921, -1.7472e+12, 1.18354e+12, 1.7472e+12, -1.18354e+12
922, -1.74943e+12, 1.18522e+12, 1.74943e+12, -1.18522e+12
923, -1.75166e+12, 1.18691e+12, 1.75166e+12, -1.18691e+12
924, -1.75388e+12, 1.18859e+12, 1.75388e+12, -1.18859e+12
925, -1.75611e+12, 1.19028e+12, 1.75611e+12, -1.19028e+12
926, -1.75834e+12, 1.19196e+12, 1.75834e+12, -1.19196e+12
927, -1.76056e+12, 1.19365e+12, 1.76056e+12, -1.19365e+12
928, -1.76279e+12, 1.19533e+12, 1.76279e+12, -1.19533e+12
929, -1.76502e+12, 1.19702e+12, 1.76502e+12, -1.19702e+12
930, -1.76724e+12, 1.1987e+12, 1.76724e+12, -1.1987e+12
931, -1.76947e+12, 1.20038e+12, 1.76947e+12, -1.20038e+12
932, -1.77169e+12, 1.20207e+12, 1.77169e+12, -1.20207e+12
933, -1.77392e+12, 1.20375e+12, 1.77392e+12, -1.20375e+12
934, -1.77614e+12, 1.20543e+12, 1.77614e+12, -1.20543e+12
935, -1.77837e+12, 1.20712e+12, 1.77837e+12, -1.20712e+12
936, -1.78059e+12, 1.2088e+12, 1.78059e+12, -1.2088e+12
937, -1.78282e+12, 1.21048e+12, 1.78282e+12, -1.21048e+12
938, -1.78504e+12, 1.21216e+12, 1.78504e+12, -1.21216e+12
939, -1.78726e+12, 1.21385e+12, 1.78726e+12, -1.21385e+12
940, -1.78949e+12, 1.21553e+12, 1.78949e+12, -1.21553e+12
941, -1.79171e+12, 1.21721e+12, 1.79171e+12, -1.21721e+12
942, -1.79393e+12, 1.21889e+12, 1.79393e+12, -1.21889e+12
943, -1.79615e+12, 1.22057e+12, 1.79615e+12, -1.22057e+12
944, -1.79838e+12, 1.22225e+12, 1.79838e+12, -1.22225e+12
945, -1.8006e+12, 1.22393e+12, 1.8006e+12, -1.22393e+12
946, -1.80282e+12, 1.22561e+12, 1.80282e+12, -1.22561e+12
947, -1.80504e+12, 1.2273e+12, 1.80504e+12, -1.2273e+12
948, -1.80726e+12, 1.22898e+12, 1.80726e+12, -1.22898e+12
949, -1.80948e+12, 1.23066e+12, 1.80948e+12, -1.23066e+12
950, -1.8117e+12, 1.23234e+12, 1.8117e+12, -1.23234e+12
951, -1.81392e+12, 1.23402e+12, 1.81392e+12, -1.23402e+12
952, -1.81614e+12, 1.2357e+12, 1.81614e+12, -1.2357e+12
953, -1.81836e+12, 1.23738e+12, 1.81836e+12, -1.23738e+12
954, -1.82058e+12, 1.23905e+12, 1.82058e+12, -1.23905e+12
955, -1.8228e+12, 1.24073e+12, 1.8228e+12, -1.24073e+12
956, -1.82502e+12, 1.24241e+12, 1.82502e+12, -1.24241e+12
957, -1.82724e+12, 1.24409e+12, 1.82724e+12, -1.24409e+12
958, -1.82945e+12, 1.24577e+12, 1.82945e+12, -1.24577e+12
959, -1.83167e+12, 1.24745e+12, 1.83167e+12, -1.24745e+12
960, -1.83389e+12, 1.24913e+12, 1.83389e+12, -1.24913e+12
961, -1.83611e+12, 1.2508e+12, 1.83611e+12, -1.2508e+12
962, -1.83832e+12, 1.25248e+12, 1.83832e+12, -1.25248e+12
963, -1.84054e+12, 1.25416e+12, 1.84054e+12, -1.25416e+12
964, -1.84276e+12, 1.25584e+12, 1.84276e+12, -1.25584e+12
965, -1.84497e+12, 1.25751e+12, 1.84497e+12, -1.25751e+12
966, -1.84719e+12, 1.25919e+12, 1.84719e+12, -1.25919e+12
967, -1.8494e+12, 1.26087e+12, 1.8494e+12, -1.26087e+12
968, -1.85162e+12, 1.26255e+12, 1.85162e+12, -1.26255e+12
969, -1.85384e+12, 1.26422e+12, 1.85384e+12, -1.26422e+12
970, -1.85605e+12, 1.2659e+12, 1.85605e+12, -1.2659e+12
971, -1.85827e+12, 1.26757e+12, 1.85827e+12, -1.26757e+12
972, -1.86048e+12, 1.26925e+12, 1.86048e+12, -1.26925e+12
973, -1.86269e+12, 1.27093e+12, 1.86269e+12, -1.27093e+12
974, -1.86491e+12, 1.2726e+12, 1.86491e+12, -1.2726e+12
975, -1.86712e+12, 1.27428e+12, 1.86712e+12, -1.27428e+12
976, -1.86933e+12, 1.27595e+12, 1.86933e+12, -1.27595e+12
977, -1.87155e+12, 1.27763e+12, 1.87155e+12, -1.27763e+12
978, -1.87376e+12, 1.2793e+12, 1.87376e+12, -1.2793e+12
979, -1.87597e+12, 1.28098e+12, 1.87597e+12, -1.28098e+12
980, -1.87819e+12, 1.28265e+12, 1.87819e+12, -1.28265e+12
981, -1.8804e+12, 1.28433e+12, 1.8804e+12, -1.28433e+12
982, -1.88261e+12, 1.286e+12, 1.88261e+12, -1.286e+12
983, -1.88482e+12, 1.28768e+12, 1.88482e+12, -1.28768e+12
984, -1.88703e+12, 1.28935e+12, 1.88703e+12, -1.28935e+12
985, -1.88924e+12, 1.29102e+12, 1.88924e+12, -1.29102e+12
986, -1.89146e+12, 1.2927e+12, 1.89146e+12, -1.2927e+12
987, -1.89367e+12, 1.29437e+12, 1.89367e+12, -1.29437e+12
988, -1.89588e+12, 1.29604e+12, 1.89588e+12, -1.29604e+12
989, -1.89809e+12, 1.29772e+12, 1.89809e+12, -1.29772e+12
990, -1.9003e+12, 1.29939e+12, 1.9003e+12, -1.29939e+12
991, -1.90251e+12, 1.30106e+12, 1.90251e+12, -1.30106e+12
992, -1.90472e+12, 1.30274e+12, 1.90472e+12, -1.30274e+12
993, -1.90692e+12, 1.30441e+12, 1.90692e+12, -1.30441e+12
994, -1.90913e+12, 1.30608e+12, 1.90913e+12, -1.30608e+12
995, -1.91134e+12, 1.30775e+12, 1.91134e+12, -1.30775e+12
996, -1.91355e+12, 1.30942e+12, 1.91355e+12, -1.30942e+12
997, -1.91576e+12, 1.3111e+12, 1.91576e+12, -1.3111e+12
998, -1.91797e+12, 1.31277e+12, 1.91797e+12, -1.31277e+12
999, -1.92017e+12, 1.31444e+12, 1.92017e+12, -1.31444e+12
1000, -1.92238e+12, 1.31611e+12, 1.92238e+12, -1.31611e+12
